Dataset {
    Sequence {
        String time;
        Float64 GFF_CHL;
        Float64 urea_uM;
        Float64 ammonium_uM;
        Float64 nitrate_uM;
        Float64 phosphate_uM;
        Float64 silicate_uM;
        Int16 Pn_abundance;
        Float64 Paustralis;
        Float64 Pmultiseries;
        Float64 Alexandrium;
    } CPMT_SCWHARF;
} CPMT2;
---------------------------------------------
CPMT_SCWHARF.time, CPMT_SCWHARF.GFF_CHL, CPMT_SCWHARF.urea_uM, CPMT_SCWHARF.ammonium_uM, CPMT_SCWHARF.nitrate_uM, CPMT_SCWHARF.phosphate_uM, CPMT_SCWHARF.silicate_uM, CPMT_SCWHARF.Pn_abundance, CPMT_SCWHARF.Paustralis, CPMT_SCWHARF.Pmultiseries, CPMT_SCWHARF.Alexandrium
"2005-05-03 08:00:00.0", NaN, NaN, NaN, NaN, NaN, NaN, 0, 0.0, 0.0, 130.0
"2005-05-10 07:45:00.0", NaN, NaN, NaN, NaN, NaN, NaN, 0, 0.0, 0.0, 20.0
"2005-05-17 08:00:00.0", NaN, NaN, NaN, NaN, NaN, NaN, 0, 0.0, 0.0, 240.0
"2005-05-24 08:00:00.0", NaN, NaN, NaN, NaN, NaN, NaN, 2, 0.0, 0.0, 500.0
"2005-05-31 08:00:00.0", NaN, NaN, NaN, NaN, NaN, NaN, 3, 230.0, 110.0, 450.0
"2005-06-07 08:00:00.0", NaN, NaN, NaN, NaN, NaN, NaN, 4, 250.0, 450.0, 0.0
"2005-06-15 09:45:00.0", NaN, NaN, NaN, NaN, NaN, NaN, 3, 17700.0, 2950.0, 3100.0
"2005-06-22 07:45:00.0", NaN, NaN, NaN, NaN, NaN, NaN, 2, 100.0, 0.0, 6550.0
"2005-06-29 07:45:00.0", NaN, NaN, NaN, NaN, NaN, NaN, 3, 0.0, 0.0, 146.666666666667
"2005-07-06 07:45:00.0", NaN, NaN, NaN, NaN, NaN, NaN, 0, 0.0, 0.0, 40.0
"2005-07-13 08:00:00.0", NaN, NaN, NaN, NaN, NaN, NaN, 2, 0.0, 0.0, 17386.6666666667
"2005-07-20 08:00:00.0", NaN, NaN, NaN, NaN, NaN, NaN, 0, 0.0, 0.0, 3670.0
"2005-07-27 09:30:00.0", NaN, NaN, NaN, NaN, NaN, NaN, 0, 0.0, 0.0, 0.0
"2005-08-03 12:00:00.0", NaN, NaN, NaN, NaN, NaN, NaN, 2, 0.0, 0.0, 0.0
"2005-08-10 09:00:00.0", NaN, NaN, NaN, NaN, NaN, NaN, 0, 0.0, 0.0, 26.6666666666667
"2005-08-17 08:00:00.0", NaN, NaN, NaN, NaN, NaN, NaN, 0, NaN, NaN, NaN
"2005-08-24 08:00:00.0", NaN, NaN, NaN, NaN, NaN, NaN, 1, 0.0, 0.0, 60.0
"2005-08-31 11:30:00.0", NaN, NaN, NaN, NaN, NaN, NaN, 2, 0.0, 0.0, 10.0
"2005-09-07 13:30:00.0", NaN, NaN, NaN, NaN, NaN, NaN, 1, 0.0, 0.0, 10.0
"2005-09-11 14:00:00.0", NaN, NaN, NaN, NaN, NaN, NaN, 0, 0.0, 0.0, 5270.0
"2005-09-21 07:45:00.0", NaN, NaN, NaN, NaN, NaN, NaN, 0, 0.0, 0.0, 50.0
"2005-09-28 08:45:00.0", NaN, NaN, NaN, NaN, NaN, NaN, 4, 0.0, 0.0, 320.0
"2005-10-04 09:30:00.0", NaN, NaN, NaN, NaN, NaN, NaN, 0, 0.0, 0.0, 0.0
"2005-10-12 08:45:00.0", NaN, NaN, NaN, NaN, NaN, NaN, 0, 0.0, 0.0, 1200.0
"2005-10-19 08:45:00.0", NaN, NaN, NaN, NaN, NaN, NaN, 0, 0.0, 0.0, 3260.0
"2005-10-26 09:00:00.0", NaN, NaN, NaN, NaN, NaN, NaN, 1, 0.0, 0.0, 4930.0
"2005-11-02 08:45:00.0", NaN, NaN, NaN, NaN, NaN, NaN, 0, 0.0, 0.0, 160.0
"2005-11-09 10:30:00.0", NaN, NaN, NaN, NaN, NaN, NaN, 2, 900.0, 0.0, 100.0
"2005-11-16 08:30:00.0", NaN, NaN, NaN, NaN, NaN, NaN, 1, 0.0, 0.0, 600.0
"2005-11-22 11:30:00.0", NaN, NaN, NaN, NaN, NaN, NaN, 1, 0.0, 0.0, 680.0
"2005-11-30 09:00:00.0", NaN, NaN, NaN, NaN, NaN, NaN, 2, 0.0, 0.0, 0.0
"2005-12-07 13:30:00.0", NaN, NaN, NaN, NaN, NaN, NaN, 0, 0.0, 0.0, 0.0
"2005-12-14 09:00:00.0", NaN, NaN, NaN, NaN, NaN, NaN, 1, 0.0, 0.0, 0.0
"2005-12-21 12:00:00.0", NaN, NaN, NaN, NaN, NaN, NaN, 2, 0.0, 0.0, 0.0
"2005-12-30 14:00:00.0", NaN, NaN, NaN, NaN, NaN, NaN, 0, 0.0, 0.0, 0.0
"2006-01-05 08:30:00.0", NaN, NaN, NaN, 7.151, 0.8126, 27.19, 0, 0.0, 0.0, 213.333333333333
"2006-01-11 12:15:00.0", NaN, NaN, NaN, 8.747, 1.0, 42.48, 0, 0.0, 0.0, 0.0
"2006-01-18 14:00:00.0", NaN, NaN, NaN, 6.926, 0.7209, 17.39, 0, 0.0, 0.0, 0.0
"2006-01-25 13:00:00.0", NaN, NaN, NaN, 7.676, 0.9099, 22.82, 3, 250.0, 0.0, 30.0
"2006-02-01 14:30:00.0", NaN, NaN, NaN, 4.763, 0.6174, 25.19, 0, 0.0, 0.0, 0.0
"2006-02-08 14:40:00.0", NaN, NaN, NaN, 9.096, 0.7791, 19.7, 0, 0.0, 0.0, 450.0
"2006-02-15 14:30:00.0", NaN, NaN, NaN, 17.28, 1.139, 22.96, 0, 0.0, 0.0, 0.0
"2006-02-22 15:00:00.0", NaN, NaN, NaN, 11.06, 0.9255, 36.47, 0, 0.0, 0.0, 0.0
"2006-03-01 14:30:00.0", NaN, NaN, NaN, 6.642, 1.007, 62.12, 0, 0.0, 0.0, 0.0
"2006-03-08 14:00:00.0", NaN, NaN, NaN, 11.27, 1.975, 204.2, 0, NaN, NaN, NaN
"2006-03-16 14:00:00.0", NaN, NaN, NaN, 4.44, 1.132, 103.6, 2, 400.0, 0.0, 0.0
"2006-03-22 09:30:00.0", NaN, NaN, NaN, 5.201, 0.831, 93.97, 2, 0.0, 0.0, 0.0
"2006-03-29 11:50:00.0", NaN, 0.708435207823961, NaN, 10.4, 1.64, 1112.2, 2, 0.0, 0.0, 0.0
"2006-04-05 08:32:00.0", NaN, 0.832518337408313, NaN, 12.64, 1.822, 115.7, 0, 0.0, 0.0, 0.0
"2006-04-12 08:25:00.0", NaN, 2.25305623471883, NaN, 16.19, 1.39, 20.87, 2, 800.0, 0.0, 0.0
"2006-04-19 07:45:00.0", NaN, 0.225550122249389, NaN, 19.18, 2.828, 115.1, 2, 0.0, 0.0, 0.0
"2006-04-26 08:20:00.0", NaN, 0.297677261613692, NaN, 11.17, 1.389, 112.0, 2, 0.0, 0.0, 240.0
"2006-05-03 10:00:00.0", NaN, NaN, NaN, 4.862, 0.8392, 84.78, 0, 600.0, 0.0, 0.0
"2006-05-10 10:15:00.0", NaN, NaN, NaN, 1.179, 0.6686, 33.55, 2, 0.0, 0.0, 0.0
"2006-05-17 07:50:00.0", NaN, 0.476772616136919, NaN, 3.824, 0.4329, 16.5, 2, 550.0, 0.0, 0.0
"2006-05-24 08:00:00.0", NaN, 1.01711491442543, NaN, 0.9113, 0.3382, 0.0, 0, NaN, NaN, NaN
"2006-05-31 07:00:00.0", NaN, 3.77017114914425, NaN, 1.315, 0.5992, 30.29, 2, 0.0, 0.0, 630.0
"2006-06-07 07:30:00.0", NaN, 1.85005767012687, NaN, 2.401, 0.6695, 54.61, 3, 0.0, 0.0, 100.0
"2006-06-14 07:30:00.0", NaN, 1.48961937716263, NaN, 9.767, 1.147, 22.92, 3, 0.0, 0.0, 630.0
"2006-06-21 07:40:00.0", NaN, 0.617647058823529, NaN, 0.9963, 0.4144, 8.855, 4, 2800.0, 0.0, 50.0
"2006-06-28 07:40:00.0", NaN, 0.427335640138408, NaN, 2.922, 0.654, 33.14, 4, 1550.0, 0.0, 320.0
"2006-07-05 07:30:00.0", NaN, 1.58131487889273, 6.22, 1.99, 0.675, 13.53, 3, 50.0, 0.0, 830.0
"2006-07-12 14:00:00.0", NaN, 0.318915801614764, 0.52, 5.987, 0.702, 19.4, 3, 3150.0, 0.0, 240.0
"2006-07-19 07:45:00.0", NaN, 0.685121107266436, 2.25, 6.871, 0.9072, 32.98, 2, 0.0, 0.0, 70.0
"2006-07-26 07:30:00.0", NaN, 0.369665513264129, 0.77, 4.126, 1.747, 113.8, 1, 0.0, 0.0, 40.0
"2006-07-26 07:30:00.0", NaN, NaN, NaN, NaN, NaN, NaN, 2, 0.0, 0.0, 130.0
"2006-08-02 07:30:00.0", NaN, 0.521914648212226, 2.1, 5.99, 1.577, 41.35, 3, 0.0, 0.0, 0.0
"2006-08-09 08:20:00.0", NaN, 0.802191464821223, 1.77, 1.227, 0.6367, 28.45, 0, 0.0, 0.0, 0.0
"2006-08-16 08:15:00.0", NaN, 0.795271049596309, 0.98, 1.21, 0.26, 26.81, 0, 0.0, 0.0, 650.0
"2006-08-23 08:30:00.0", 26.075, 0.279123414071511, 1.66, 1.947, 0.8538, 56.32, 3, 0.0, 0.0, 0.0
"2006-08-30 08:15:00.0", 3.696, 1.30565167243368, 4.29, 1.54, 0.4, 19.62, 2, 0.0, 0.0, 0.0
"2006-09-06 08:15:00.0", 2.163, 1.55021834061135, 2.16, 1.2, 0.4, 15.35, 1, 0.0, 0.0, 30.0
"2006-09-13 08:15:00.0", 7.19425, 0.0623830318153463, 0.02, 0.4356, 0.763, 25.31, 1, 0.0, 0.0, 850.0
"2006-09-20 08:30:00.0", 10.27495, 1.98752339363693, 0.66, 0.3671, 0.5392, 14.95, 0, 0.0, 0.0, 10.0
"2006-09-27 09:30:00.0", 13.0525, 0.981908920773549, 0.79, 0.7534, 0.7133, 18.43, 1, 0.0, 0.0, 106.666666666667
"2006-09-28 00:00:00.0", 25.0625, NaN, NaN, 1.372, 0.8465, 21.05, 0, NaN, NaN, NaN
"2006-10-04 08:50:00.0", 10.8395, 1.16593886462882, 2.67, 0.8328, 0.7811, 17.21, 0, 0.0, 0.0, 33.3333333333333
"2006-10-11 07:30:00.0", 39.2245, 0.584529008109794, 0.61, 0.4356, 0.763, 25.31, 0, 0.0, 0.0, 140.0
"2006-10-12 13:00:00.0", NaN, NaN, NaN, 4.24, 0.74, 13.96, 0, NaN, NaN, NaN
"2006-10-12 13:00:00.0", NaN, NaN, NaN, 4.24, 0.76, 14.06, 0, NaN, NaN, NaN
"2006-10-12 13:00:00.0", NaN, NaN, NaN, 4.38, 0.44, 14.38, 0, NaN, NaN, NaN
"2006-10-12 13:00:00.0", NaN, NaN, NaN, 4.23, 0.75, 14.03, 0, NaN, NaN, NaN
"2006-10-12 13:00:00.0", NaN, NaN, NaN, 4.42, 0.44, 14.29, 0, NaN, NaN, NaN
"2006-10-18 08:00:00.0", 5.5335, 2.59762944479102, 1.1, 0.3671, 0.5392, 14.95, 0, 0.0, 0.0, 290.0
"2006-10-25 08:30:00.0", 22.435, 1.06238303181535, 0.15, 0.7534, 0.7133, 18.43, 2, 0.0, 0.0, 1900.0
"2006-11-01 07:45:00.0", 21.357, 1.27011852776045, 1.14, 0.8328, 0.7811, 17.21, 2, 0.0, 0.0, 400.0
"2006-11-08 08:20:00.0", 26.075, 3.25951341235184, 0.6, 0.3531, 0.4792, 15.49, 0, 0.0, 0.0, 0.0
"2006-11-13 00:00:00.0", NaN, NaN, NaN, 4.54, 1.13, 16.14, 0, NaN, NaN, NaN
"2006-11-15 08:15:00.0", 5.418, 0.638178415470992, 0.55, 0.5617, 0.9768, 17.91, 3, 0.0, 0.0, 0.0
"2006-11-21 00:00:00.0", NaN, NaN, NaN, 3.82, 0.72, 10.39, 0, NaN, NaN, NaN
"2006-11-22 08:30:00.0", 59.6365, 2.17529631940112, 0.1, 0.2283, 0.6294, 16.38, 2, 0.0, 0.0, 0.0
"2006-11-29 08:15:00.0", 3.4825, 0.704304429195259, 1.13, 1.859, 0.908, 18.32, 2, 0.0, 0.0, 0.0
"2006-12-06 08:15:00.0", 1.5085, 1.22956955708047, 1.19, 0.5808, 1.015, 19.08, 3, 0.0, 0.0, 0.0
"2006-12-13 08:30:00.0", 3.5308, 0.553961322520274, 1.44, 4.519, 0.8683, 13.83, 0, 0.0, 0.0, 0.0
"2006-12-20 08:00:00.0", 3.4817, 1.56893325015596, 1.22, 2.223, 1.033, 18.19, 3, 0.0, 0.0, 0.0
"2006-12-27 09:15:00.0", 4.0622, 0.266999376169682, 0.96, 7.432, 1.257, 21.77, 2, 0.0, 0.0, 40.0
"2007-01-03 08:10:00.0", 1.9802, 3.01996257018091, 1.33, 5.593, 1.225, 22.36, 2, 0.0, 0.0, 10.0
"2007-01-09 10:00:00.0", 1.7144, 1.524017467, 1.22, 4.248, 0.8853, 10.17, 2, 0.0, 0.0, 0.0
"2007-01-16 10:30:00.0", 2.1039, 6.18777292576419, 1.61, 4.855, 0.9105, 12.17, 3, 0.0, 0.0, 20.0
"2007-01-23 10:30:00.0", 4.0732, 1.79600748596382, 4.1, 5.505, 0.877, 10.83, 2, 1150.0, 400.0, 140.0
"2007-01-30 00:00:00.0", 2.5662, 0.716157205240175, 2.29, 8.884, 1.208, 13.38, 2, 0.0, 0.0, 540.0
"2007-02-06 10:30:00.0", 10.4177, 1.01621958827199, 2.84, 10.83, 1.243, 15.95, 2, 0.0, 0.0, 4460.0
"2007-02-13 10:20:00.0", 2.4424, 0.439650145772595, 0.85, 9.987, 0.8244, 14.13, 2, 0.0, 0.0, 120.0
"2007-02-20 10:20:00.0", 6.2135, 0.522448979591837, 0.75, 5.301, 0.5473, 9.522, 1, 0.0, 0.0, 550.0
"2007-02-27 11:00:00.0", 2.5771, 0.389504373177842, 1.34, 12.48, 1.057, 18.67, 0, 0.0, 0.0, 20.0
"2007-03-06 11:00:00.0", 9.242, 1.30903790087464, 2.55, 8.055, 1.007, 16.77, 3, 1550.0, 0.0, 20.0
"2007-03-13 11:00:00.0", 9.3948, 1.897014015844, 5.37, 9.312, 1.782, 24.47, 3, 0.0, 0.0, 590.0
"2007-03-21 09:00:00.0", 12.3105, 2.7519805, 6.34, 12.08, 3.039, 22.52, 2, 3000.0, 0.0, 310.0
"2007-03-28 09:30:00.0", 7.9097, 1.806215722, 2.97, 21.8, 2.52, 28.06, 3, 4800.0, 0.0, 30.0
"2007-04-05 08:40:00.0", 24.7611, 1.865935405, 0.0, 2.118, 1.336, 7.166, 4, 58100.0, 0.0, 0.0
"2007-04-11 07:30:00.0", 27.846, 1.25167580743449, 2.48, 16.13, 1.392, 20.83, 2, 4300.0, 0.0, 0.0
"2007-04-18 07:40:00.0", 12.2886, 1.29981718464351, 0.96, 13.78, 1.249, 18.07, 3, 350.0, 0.0, 0.0
"2007-04-25 08:40:00.0", 14.6546, 0.571602681291895, 1.2, 6.404, 0.9586, 18.9, 4, 66500.0, 0.0, 0.0
"2007-04-27 18:47:00.0", NaN, 0.214503351614869, 0.17, 0.631751964468739, 0.5236, 25.99, 0, NaN, NaN, NaN
"2007-05-02 08:30:00.0", 13.3552, 0.374162096282754, 0.11, 0.58019233059426, 0.2235, 17.48, 4, 375250.0, 200.0, 410.0
"2007-05-09 07:30:00.0", 62.1045, 0.369896404631322, 0.28, 0.125156305823508, 0.1571, 12.01, 3, 87850.0, 0.0, 30.0
"2007-05-16 08:00:00.0", -999.0, 0.394271785496648, 1.58, 6.513, 0.7986, 20.59, 4, 150.0, 800.0, 2830.0
"2007-05-23 08:00:00.0", 26.8814, 1.19457547169811, 0.41, 0.159678098958333, 0.3637, 18.68, 2, 0.0, 0.0, 750.0
"2007-05-30 08:15:00.0", 15.0878, 0.487028301886792, 3.19, 6.164, 0.8357, 16.29, 2, 0.0, 0.0, 360.0
"2007-06-06 08:00:00.0", 3.1031, 1.02122641509434, 7.36, 6.912, 1.759, 21.91, 1, 0.0, 0.0, 0.0
"2007-06-13 07:30:00.0", 15.5938, 0.117924528301887, 0.16, 2.728, 0.1462, 11.6, 2, 0.0, 0.0, 520.0
"2007-06-13 07:30:00.0", 17.0243, NaN, NaN, NaN, NaN, NaN, 0, NaN, NaN, NaN
"2007-06-20 09:00:00.0", 5.5583, 0.55188679245283, 3.77, 4.766, 0.9788, 16.06, 3, 0.0, 0.0, 50.0
"2007-06-27 09:00:00.0", 9.0199, 0.239093484419263, 0.2, 0.22, 0.08, 2.06, 4, 150.0, 0.0, 60.0
"2007-07-03 08:35:00.0", 10.3522, 0.496883852691218, 3.75, 4.75, 0.95, 7.24, 2, 0.0, 0.0, 80.0
"2007-07-11 08:30:00.0", 4.4299, 0.414730878186969, 1.99, 1.86, 0.39, 4.0, 3, 0.0, 0.0, 40.0
"2007-07-18 08:10:00.0", 0.9428, 2.12268370607029, 0.0, 6.52, 1.03, 8.77, 0, 0.0, 0.0, 0.0
"2007-07-25 08:20:00.0", 14.509, 0.055591054313099, 0.0, 0.5, 0.05, 1.51, 0, 0.0, 0.0, 100.0
"2007-08-01 08:34:00.0", 13.4243, -0.0159744408945687, 0.0, 0.32, 0.0, 2.51, 1, 0.0, 0.0, 0.0
"2007-08-08 08:00:00.0", 7.9825, 0.45814696485623, 0.0, 0.24, 0.03, 2.5, 2, 0.0, 0.0, 30.0
"2007-08-15 08:30:00.0", 11.1457, 0.711182108626198, 0.0, 1.21, 0.26, 26.81, 2, 0.0, 0.0, 150.0
"2007-08-22 08:10:00.0", 10.687, 0.286900958466454, 0.0, 3.68, 0.25, 10.39, 2, 0.0, 0.0, 340.0
"2007-08-29 07:42:00.0", 18.6477, 1.40319488817891, 0.0, 1.54, 0.4, 19.62, 0, 0.0, 0.0, 130.0
"2007-09-05 08:20:00.0", 10.465, 0.299680511182109, 0.0, 1.2, 0.4, 15.35, 2, 0.0, 0.0, 100.0
"2007-09-12 08:10:00.0", 12.3614, 0.292638036809816, 0.0, 1.03, 0.17, 12.86, 1, 0.0, 0.0, 270.0
"2007-09-19 08:20:00.0", 6.8141, 0.169325153374233, 0.0, 0.3, 0.15, 12.46, 3, 400.0, 0.0, 30.0
"2007-09-26 07:30:00.0", 10.7344, 0.125153374233129, 0.0, 0.26, 0.12, 12.6, 1, 0.0, 0.0, 0.0
"2007-10-03 07:03:00.0", 11.608, 0.323312883435583, 0.0, 1.02, 0.39, 18.79, 2, 0.0, 0.0, 0.0
"2007-10-10 07:46:00.0", 10.1374, 2.14355828220859, 0.0, 5.76, 1.02, 20.79, 3, 0.0, 0.0, 0.0
"2007-10-17 07:30:00.0", 70.434, 2.22699386503068, 0.0, 0.04, 0.35, 17.82, 2, 0.0, 0.0, 28.5714285714286
"2007-10-24 07:25:00.0", 30.4061, 1.42760736196319, 0.0, 0.25, 0.81, 24.08, 1, 0.0, 0.0, 0.0
"2007-11-07 07:10:00.0", 38.1108, 1.47361963190184, 0.0, 0.03235, 0.8745, 28.58, 0, 0.0, 0.0, 200.0
"2007-11-14 07:10:00.0", 289.0679, 0.38282208588957, 0.0, -0.06648, 1.398, 13.45, 0, 0.0, 0.0, 250.0
"2007-11-20 00:00:00.0", NaN, NaN, 0.0, 2.744, 0.8705, 18.73, 0, NaN, NaN, NaN
"2007-11-21 07:20:00.0", 24.6392, 5.30552147239264, 0.0, 0.6276, 0.8405, 15.78, 0, 0.0, 0.0, 40.0
"2007-11-28 07:15:00.0", 26.6448, 0.561349693251534, 0.0, 0.7, 0.86, 15.54, 1, 250.0, 0.0, 0.0
"2007-12-05 07:15:00.0", 9.5259, 1.42147239263804, 0.0, 12.0, 1.1, 17.1, 3, 1100.0, 0.0, 0.0
"2007-12-12 08:10:00.0", 2.2568, 1.27546012269939, 0.0, 9.41, 1.15, 22.02, 2, 0.0, 0.0, 0.0
"2007-12-19 08:40:00.0", NaN, 0.843868521, 0.0, 7.33, 0.92, 17.93, 3, 1650.0, 0.0, 213.333333333333
"2008-01-09 08:00:00.0", 1.3395, 0.320480405, 1.15, 14.71, 1.06, 18.3, 0, 0.0, 0.0, 0.0
"2008-01-16 08:00:00.0", 1.9583, 0.50505689, 1.49, 11.63, 1.04, 19.0, 0, 0.0, 0.0, 0.0
"2008-01-22 08:00:00.0", 1.6234, 2.02022756, 1.48, 10.73, 1.02, 14.35, 0, 0.0, 0.0, 0.0
"2008-01-29 08:00:00.0", 2.1185, 0.500632111, 0.68, 8.02, 0.78, 13.48, 1, 0.0, 0.0, 0.0
"2008-02-05 08:40:00.0", 1.7254, 0.917193426, 1.22, 9.52, 0.93, 15.83, 0, 0.0, 0.0, 0.0
"2008-02-12 08:53:00.0", 2.5043, 0.939135727, 1.32, 8.5, 0.9, 17.2, 0, 0.0, 0.0, 0.0
"2008-02-19 08:15:00.0", 2.963, 0.251369446, 1.01, 14.9, 1.05, 18.69, 1, 0.0, 0.0, 0.0
"2008-02-26 08:30:00.0", 2.3624, 0.481436397, 1.66, 12.64, 1.06, 25.4, 0, 0.0, 0.0, 0.0
"2008-03-04 08:40:00.0", 1.0083, 0.482653682, 1.5, 11.25, 0.93, 17.03, 0, 0.0, 0.0, 0.0
"2008-03-11 09:05:00.0", 2.5516, 0.239805234, 1.09, 9.41, 0.79, 15.7, 0, 0.0, 0.0, 0.0
"2008-03-18 08:35:00.0", 23.3251, 0.276323798, 0.47, 12.61, 0.85, 15.69, 0, 0.0, 0.0, 0.0
"2008-03-25 08:10:00.0", 12.6963, 1.700662252, 2.45, 6.66, 0.93, 8.58, 0, 0.0, 0.0, 0.0
"2008-04-01 08:43:00.0", 4.3607, 1.723178808, 1.72, 15.31, 1.22, 10.12, 0, 0.0, 0.0, 0.0
"2008-04-08 08:40:00.0", 2.3296, 1.972847682, 2.29, 18.17, 1.68, 13.63, 0, 0.0, 0.0, 0.0
"2008-04-15 08:50:00.0", 4.9322, 0.195364238, 0.2, 0.06, 0.15, 2.51, 0, 0.0, 0.0, 0.0
"2008-04-22 08:45:00.0", 7.1235, 0.80397351, 1.79, 21.78, 1.8, 28.2, 0, 0.0, 0.0, 0.0
"2008-04-29 07:56:00.0", 7.2982, 0.227152318, 0.39, 0.24, 0.27, 3.64, 0, 0.0, 0.0, 0.0
"2008-05-06 08:45:00.0", 3.9676, 3.436423841, 2.28, 2.84, 0.8, 5.0, 0, 0.0, 0.0, 0.0
"2008-05-13 08:00:00.0", 10.7489, 0.356291391, NaN, 0.68, 0.4, 3.23, 0, 0.0, 0.0, 40.0
"2008-05-20 08:50:00.0", 8.9071, 0.827152318, NaN, 2.87, 0.76, 7.56, 0, 0.0, 0.0, 0.0
"2008-05-27 09:05:00.0", 22.7536, 0.2, NaN, 1.85, 0.39, 1.67, 1, 1150.0, 0.0, 0.0
"2008-06-01 08:07:00.0", NaN, NaN, NaN, NaN, NaN, NaN, 0, NaN, NaN, NaN
"2008-06-03 07:00:00.0", 6.6539, 1.157991427, NaN, 0.71, 0.49, 2.85, 2, 250.0, 0.0, 0.0
"2008-06-10 06:50:00.0", 12.1794, 0.275566442, NaN, 2.17, 0.41, 3.53, 3, 0.0, 0.0, 0.0
"2008-06-17 08:15:00.0", 7.6549, 0.640538885, NaN, 3.2, 0.4, 6.0, 1, 150.0, 0.0, 0.0
"2008-06-24 06:55:00.0", 13.6136, 0.481322719, NaN, 1.9, 0.4, 4.7, 0, 0.0, 0.0, 0.0
"2008-07-01 08:07:00.0", 5.7985, 0.562155542, NaN, 6.01, 0.7, 8.67, 3, 750.0, 0.0, 80.0
"2008-07-08 08:00:00.0", 4.8667, 0.503368034, NaN, 0.5, 0.3, 5.5, 4, 0.0, 0.0, 0.0
"2008-07-15 08:45:00.0", 5.5328, 0.542559706, NaN, 1.0, 0.4, 12.6, 2, 0.0, 0.0, 40.0
"2008-07-22 07:40:00.0", 3.6364, 0.24004899, NaN, 1.61, 0.29, 7.95, 3, 13400.0, 0.0, 0.0
"2008-07-29 07:50:00.0", 8.5722, 0.111320755, 0.6, 1.1, 0.4, 9.1, 4, 15300.0, 0.0, 26.6666666666667
"2008-08-05 07:30:00.0", 7.6185, 0.199371069, 1.0, 0.5, 0.4, 5.9, 4, 79350.0, 0.0, 80.0
"2008-08-12 08:20:00.0", 6.2717, 0.151572327, 0.8, 0.3, 0.4, 3.3, 4, 150.0, 0.0, 40.0
"2008-08-19 07:50:00.0", 6.5192, 1.254716981, 26.1, 4.2, 0.8, 14.3, 4, 0.0, 0.0, 0.0
"2008-08-26 07:50:00.0", 12.7473, 0.171698113, 0.3, 0.1, 0.4, 14.8, 2, 0.0, 0.0, 0.0
"2008-09-02 08:00:00.0", 5.3108, 0.205660377, 0.7, 0.1, 0.5, 15.85, 1, 0.0, 0.0, 40.0
"2008-09-09 08:00:00.0", 6.9051, 0.694968553, 0.9, 0.15, 0.8, 15.55, 2, 350.0, 0.0, 0.0
"2008-09-16 07:40:00.0", 8.048, 0.229559748, 0.4, 0.05, 0.5, 10.85, 3, 400.0, 0.0, 0.0
"2008-09-23 07:35:00.0", 7.7605, 2.24, 1.0, 1.2, 0.7, 7.4, 1, 0.0, 0.0, 0.0
"2008-10-01 07:30:00.0", 8.1864, 0.14, 0.1, NaN, NaN, NaN, 2, 0.0, 0.0, 0.0
"2008-10-08 07:40:00.0", 5.9769, 0.2, 0.4, 0.05, 0.3, 6.3, 2, 0.0, 0.0, 0.0
"2008-10-15 07:40:00.0", 3.498, 1.99, 27.0, 11.4, 1.6, 20.5, 2, 0.0, 0.0, 0.0
"2008-10-22 07:40:00.0", 4.4626, 0.54, 1.2, 1.8, 0.8, 14.6, 0, 0.0, 0.0, 0.0
"2008-10-29 07:40:00.0", 2.9302, 1.84, 52.1, 3.1, 1.0, 16.85, 3, 0.0, 0.0, 106.6666667
"2008-11-05 07:00:00.0", 3.1741, 1.98, 45.1, 5.3, 1.0, 10.8, 0, 0.0, 0.0, 0.0
"2008-11-12 07:30:00.0", 3.0867, 1.94, 31.1, 5.3, 1.1, 10.9, 0, 1000.0, 0.0, 0.0
"2008-11-19 07:45:00.0", 3.8038, 2.0, 2.0, 7.1, 1.1, 15.3, 1, 1950.0, 0.0, 53.33333333
"2008-11-25 07:30:00.0", 4.914, 2.53, 1.7, 7.6, 1.2, 14.2, 0, 0.0, 0.0, 0.0
"2008-12-03 07:00:00.0", 3.9603, 2.78, 30.5, 4.9, 1.4, 16.55, 0, 0.0, 0.0, 40.0
"2008-12-10 08:45:00.0", 7.6658, 0.89, 2.0, 6.4, 1.2, 18.5, 0, 0.0, 0.0, 373.3333333
"2008-12-17 07:30:00.0", 3.6145, 0.74, 1.2, 8.0, 1.1, 16.5, 0, 0.0, 0.0, 40.0
"2009-01-07 08:00:00.0", 1.547, 1.78, 26.4, 12.3, 1.3, 20.1, 0, 0.0, 0.0, 0.0
"2009-01-14 08:10:00.0", 1.9292, 2.15, 1.9, 12.2, 1.2, 19.6, 2, 0.0, 0.0, 0.0
"2009-01-21 08:10:00.0", 2.7591, 3.48, 2.8, 7.3, 1.2, 9.8, 1, 0.0, 0.0, 210.0
"2009-01-28 08:25:00.0", 1.2522, 2.02, 2.6, 10.1, 1.1, 14.1, 2, 0.0, 0.0, 110.0
"2009-02-04 08:10:00.0", 10.0719, 3.04, 1.8, 6.6, 1.0, 9.3, 2, 700.0, 500.0, 0.0
"2009-02-11 08:25:00.0", 1.8382, 1.16, 2.3, 6.9, 0.9, 9.6, 0, 0.0, 0.0, 0.0
"2009-02-18 08:15:00.0", 1.1575, 0.97, 1.6, 13.8, 1.4, 63.6, 0, 0.0, 0.0, 0.0
"2009-02-25 08:10:00.0", 1.143, 0.86, 1.8, 10.2, 0.8, 37.1, 0, 0.0, 0.0, 0.0
"2009-03-04 08:50:00.0", 1.2995, 0.37, 1.4, 10.8, 0.7, 22.8, 0, 0.0, 0.0, 0.0
"2009-03-11 08:30:00.0", 1.8491, 0.33, 2.1, 8.1, 1.3, 14.7, 0, 0.0, 0.0, 0.0
"2009-03-18 08:10:00.0", 11.9792, 0.43, 1.1, 1.7, 0.6, 8.1, 0, 0.0, 0.0, 0.0
"2009-03-25 08:50:00.0", 3.5389, 0.37, 1.4, 9.9, 1.3, 13.6, 0, 0.0, 0.0, 0.0
"2009-04-01 08:20:00.0", 11.9504, 0.38, 0.4, 3.1, 0.5, 12.0, 0, 0.0, 0.0, 0.0
"2009-04-07 09:20:00.0", 10.1948, 0.74, 1.5, 1.4, 0.7, 2.7, 1, 0.0, 0.0, 0.0
"2009-04-14 08:05:00.0", 5.8674, 1.0677, 2.9, 9.5, 1.3, 18.6, 1, 0.0, 0.0, 0.0
"2009-04-21 08:10:00.0", 2.9014, 1.7517, 1.2, -0.3, 0.3, 1.8, 2, 500.0, 0.0, 26.66666667
"2009-04-28 08:55:00.0", 5.5656, 1.1443, 3.6, 24.0, 2.3, 25.8, 2, 3750.0, 0.0, 0.0
"2009-05-05 08:20:00.0", 2.541, 0.5253, 1.4, 1.8, 0.7, 23.0, 4, 11550.0, 0.0, 0.0
"2009-05-11 08:33:00.0", 7.1456, 0.9008, 1.4, 12.0, 1.2, 22.3, 4, 44050.0, 1700.0, 13.33333333
"2009-05-18 08:10:00.0", 22.4532, 0.4056, 0.7, -0.2, 0.1, 0.2, 4, 53700.0, 450.0, 0.0
"2009-05-26 08:45:00.0", 23.3772, 1.3427, 0.7, 2.5, 0.6, 7.7, 4, 93500.0, 0.0, 0.0
"2009-05-31 09:15:00.0", 32.5248, 0.7921, 0.4, 0.3, 0.0, 1.1, 4, 200.0, 2200.0, 0.0
"2009-06-09 08:00:00.0", 5.3376, 0.5869, 2.0, 3.6, 0.3, 8.1, 3, 0.0, 0.0, 0.0
"2009-06-16 08:30:00.0", 9.0244, 0.1607, 0.2, -0.5, -0.4, -0.8, 0, 0.0, 0.0, 0.0
"2009-06-23 08:08:00.0", 8.2544, 0.1984, 0.1, -0.4, 0.1, 7.3, 0, 0.0, 0.0, 0.0
"2009-06-30 08:30:00.0", 4.8387, 0.8468, 3.4, 2.6, 1.1, 17.9, 0, 0.0, 0.0, 0.0
"2009-07-07 08:45:00.0", 3.5081, 0.7517, 1.5, 0.6, 0.5, 4.6, 0, 0.0, 0.0, 0.0
"2009-07-14 08:15:00.0", 9.3016, 0.8666, 1.4, 1.1, 0.6, 4.4, 1, 0.0, 0.0, 0.0
"2009-07-20 07:50:00.0", 8.5624, 0.5116, 0.4, 0.2, 0.3, 0.9, 0, 0.0, 0.0, 0.0
"2009-07-28 08:00:00.0", 4.6477, 0.5075, 1.1, 0.7, 0.5, 4.1, 0, 0.0, 0.0, 0.0
"2009-08-04 08:20:00.0", 1.5708, 0.4904, 1.98, 0.4, 1.1, 4.5, 0, 0.0, 0.0, 0.0
"2009-08-11 08:08:00.0", 3.3942, 0.8926, 1.95, 0.5, 1.0, 5.3, 1, 0.0, 0.0, 80.0
"2009-08-19 08:06:00.0", 4.2196, 0.552, 1.48, 1.0, 0.7, 4.1, 1, 0.0, 0.0, 160.0
"2009-08-25 07:45:00.0", 4.3736, 0.3666, 1.37, 0.2, 0.3, 3.7, 2, 800.0, 0.0, 80.0
"2009-09-01 08:24:00.0", 5.3931, 0.4966, 0.59, -0.5, 0.2, 4.0, 1, 0.0, 0.0, 53.33333333
"2009-09-08 08:54:00.0", 7.854, 0.6389, 1.09, 1.8, 0.4, 7.8, 3, 700.0, 0.0, 0.0
"2009-09-15 07:04:00.0", 2.7104, 0.4521, 1.37, 0.7, 0.6, 7.6, 2, 2650.0, 0.0, 0.0
"2009-09-23 07:50:00.0", 6.2832, 2.0807, 4.25, 2.1, 0.8, 13.3, 2, 12800.0, 0.0, 0.0
"2009-09-29 08:12:00.0", 7.3612, 0.5267, 0.63, -0.4, 0.2, 8.2, 0, 0.0, 0.0, 0.0
"2009-10-05 07:55:00.0", 6.5604, 1.2839, 1.63, 9.8, 1.2, 20.7, 3, 30500.0, 0.0, 0.0
"2009-10-12 08:15:00.0", 6.93, 0.6724, 0.66, 0.1, 0.2, 19.5, 0, 0.0, 0.0, 0.0
"2009-10-17 00:00:00.0", NaN, 0.6026, 2.55, 1.2, 0.5, 12.2, 0, NaN, NaN, NaN
"2009-10-19 08:30:00.0", 13.8292, 0.7168, 2.6, 0.8, 0.8, 5.7, 4, 356450.0, 0.0, 0.0
"2009-10-22 00:00:00.0", 6.4649, 0.5856, 2.42, 0.9, 0.7, 11.4, 4, 587900.0, 0.0, 0.0
"2009-10-26 08:33:00.0", 7.2996, 0.3358, 1.76, 0.7, 0.6, 5.3, 4, 381300.0, 0.0, 0.0
"2009-11-02 08:50:00.0", 2.8336, 1.4979, 2.64, 13.0, 1.4, 18.5, 4, 113750.0, 0.0, 40.0
"2009-11-09 08:40:00.0", 10.1024, 2.0768, 3.79, 5.9, 0.8, 9.8, 4, 206450.0, 0.0, 150.0
"2009-11-16 08:40:00.0", 3.6837, 0.691, 3.61, 10.6, 1.2, 14.5, 4, 97300.0, 2350.0, 180.0
"2009-11-18 08:40:00.0", 7.2072, 0.8702, 2.22, 8.9, 1.0, 10.4, 0, NaN, NaN, NaN
"2009-11-20 08:40:00.0", 3.7976, 1.429, 3.64, 11.0, 1.2, 12.8, 2, 21500.0, 0.0, 10.0
"2009-12-02 07:50:00.0", 2.5964, 1.1999, 3.98, 16.8, 1.6, 20.3, 0, 0.0, 0.0, 0.0
"2009-12-09 08:45:00.0", 5.4239, 1.0165, 2.99, 11.8, 1.2, 10.7, 3, 8650.0, 0.0, 0.0
"2009-12-16 08:40:00.0", 4.0194, 0.5588, 3.41, 7.2, 1.0, 8.2, 3, 46000.0, 0.0, 0.0
"2009-12-22 09:30:00.0", 3.1385, 1.8891, 3.71, 2.5, 1.0, 7.5, 4, 113750.0, 150.0, 0.0
"2009-12-29 09:55:00.0", 2.1745, 0.7502, 3.67, 8.6, 1.1, 11.0, 0, 0.0, 0.0, 0.0
"2010-01-06 08:37:00.0", 3.927, 1.6691, 2.36, 6.5, 1.0, 12.1, 0, 0.0, 0.0, 0.0
"2010-01-13 08:45:00.0", 6.5912, 1.972, 2.43, 5.7, 1.0, 10.8, 0, 0.0, 0.0, 0.0
"2010-01-20 13:06:00.0", 3.6098, 0.9604, 4.64, 16.3, 2.0, 67.4, 0, 0.0, 0.0, 0.0
"2010-01-27 08:16:00.0", 1.349, 0.23, 1.95, 12.1, 1.0, 15.3, 0, 0.0, 0.0, 0.0
"2010-02-03 09:02:00.0", 1.54, 0.92, 3.83, 8.6, 1.0, 12.7, 0, 0.0, 0.0, 0.0
"2010-02-10 08:45:00.0", 0.9456, 0.36, 2.02, 9.2, 1.1, 23.1, 0, 0.0, 0.0, 0.0
"2010-02-17 08:40:00.0", 2.3408, 0.63, 1.92, 5.6, 0.9, 13.2, 0, 0.0, 0.0, 0.0
"2010-02-24 09:10:00.0", 3.2617, 0.58, 1.03, 4.5, 0.8, 14.7, 0, 0.0, 0.0, 0.0
"2010-03-03 08:56:00.0", 3.2402, 0.3, 1.68, 7.6, 1.0, 28.0, 0, 0.0, 0.0, 0.0
"2010-03-10 08:32:00.0", 1.7556, 0.24, 1.55, 9.1, 1.2, 27.5, 0, 0.0, 0.0, 0.0
"2010-03-17 08:38:00.0", 2.4363, 0.17, 1.02, 2.2, 0.6, 13.0, 0, 0.0, 0.0, 0.0
"2010-03-24 08:40:00.0", 1.7433, 0.53, 2.03, 8.1, 0.9, 19.7, 0, 0.0, 0.0, 0.0
"2010-03-31 08:49:00.0", 9.1784, 0.27, 1.56, 9.4, 1.0, 6.3, 1, 0.0, 0.0, 0.0
"2010-04-07 08:35:00.0", 4.0995, 0.94, 1.72, 3.4, 0.9, 17.3, 1, 0.0, 0.0, 0.0
"2010-04-14 08:35:00.0", 4.6015, 0.32, 3.08, 2.8, 0.9, 19.1, 1, 750.0, 200.0, 0.0
"2010-04-21 08:18:00.0", 8.5624, 0.47, 2.83, 6.8, 1.1, 10.1, 2, 6300.0, 1050.0, 40.0
"2010-04-28 08:25:00.0", 3.5312, 0.29, 0.46, 0.3, 0.4, 9.9, 3, 4350.0, 1850.0, 0.0
"2010-05-05 08:15:00.0", 13.4265, 0.31, 0.84, 1.8, 0.5, 13.1, 4, 47450.0, 15100.0, 30.0
"2010-05-12 08:05:00.0", 7.8198, 0.16, 0.53, 0.0, 0.2, 3.5, 4, 99750.0, 1000.0, 0.0
"2010-05-19 07:20:00.0", 13.8861, 0.4, 4.33, 5.9, 0.9, 14.5, 4, 513900.0, 2150.0, 0.0
"2010-05-26 08:40:00.0", 13.4207, 0.39, 2.67, 1.3, 0.4, 6.9, 4, 780450.0, 1950.0, 0.0
"2010-06-02 07:00:00.0", 4.7949, 0.26, 1.72, 0.0, 0.2, 2.1, 4, 201250.0, 250.0, 0.0
"2010-06-09 08:10:00.0", 5.8328, 0.46, 1.58, 0.6, 0.4, 9.8, 4, 950.0, 9000.0, 0.0
"2010-06-16 08:21:00.0", 28.6132, 0.35, 1.83, 4.2, 0.5, 10.1, 4, 13800.0, 40250.0, 0.0
"2010-06-23 07:00:00.0", 10.626, 0.11, 0.33, 0.0, 0.3, 8.8, 4, 11250.0, 24050.0, 0.0
"2010-06-30 07:40:00.0", 5.4701, 0.24, 0.48, 0.0, 0.2, 3.2, 4, 4550.0, 600.0, 0.0
"2010-07-07 07:55:00.0", 5.7295, 0.71, 6.1, 2.4, 0.9, 19.1, 4, 17100.0, 1300.0, 0.0
"2010-07-14 08:00:00.0", 11.0264, 0.62, 7.16, 1.7, 0.8, 9.8, 4, 38800.0, 800.0, 0.0
"2010-07-21 08:00:00.0", 23.3464, 0.36, 5.62, 3.44, 0.29, 20.78, 4, 134700.0, 300.0, 0.0
"2010-07-28 07:00:00.0", 3.2432, 1.22, 5.01, 1.56, 0.14, 8.08, 2, 1700.0, 0.0, 0.0
"2010-08-04 06:53:00.0", 2.6057, 0.0, 0.97, 0.53, 0.06, 4.41, 2, 38550.0, 0.0, 0.0
"2010-08-11 06:50:00.0", 8.2852, 5.07, 4.55, 2.05, 0.2, 11.77, 4, 78700.0, 0.0, 0.0
"2010-08-18 06:56:00.0", 9.4248, 0.14, 1.5, 0.57, 0.11, 6.48, 2, 61850.0, 0.0, 0.0
"2010-08-25 07:50:00.0", 8.0388, 0.84, 4.96, 2.07, 0.17, 12.16, 4, 108400.0, 0.0, 0.0
"2010-09-01 08:25:00.0", 5.8335, 1.45, 4.18, 1.13, 0.43, 3.37, 4, 127500.0, 250.0, 0.0
"2010-09-08 08:30:00.0", 4.6292, 0.58, 2.3, 0.63, 0.4, 6.56, 4, 127550.0, 0.0, 0.0
"2010-09-15 08:40:00.0", 5.726, 1.15, 5.87, 5.86, 0.27, 15.82, 1, 0.0, 0.0, 0.0
"2010-09-22 08:25:00.0", 8.295, 0.72, 3.84, 3.97, 0.2, 14.21, 1, 0.0, 0.0, 0.0
"2010-09-29 08:45:00.0", 11.83, 0.58, 0.42, 4.86, 0.23, 21.39, 0, 0.0, 0.0, 0.0
"2010-10-06 08:25:00.0", 17.885, 0.29, 1.05, 9.63, 0.26, 12.61, 3, 22600.0, 0.0, 66.66666667
"2010-10-07 13:00:00.0", 77.0, NaN, NaN, NaN, NaN, NaN, 0, NaN, NaN, NaN
"2010-10-08 10:15:00.0", 8.645, 0.15, NaN, 0.23, 0.09, 8.19, 0, NaN, NaN, NaN
"2010-10-08 16:10:00.0", 56.9625, 2.94, NaN, 0.23, 0.53, 9.58, 0, NaN, NaN, NaN
"2010-10-09 09:10:00.0", 15.82, 6.22, 0.2, 2.05, 0.3, 11.1, 0, NaN, NaN, NaN
"2010-10-10 08:10:00.0", 17.255, 1.22, 1.12, 1.0, 0.17, 12.19, 0, NaN, NaN, NaN
"2010-10-11 09:00:00.0", 6.9055, 0.55, 0.32, 0.25, 0.42, 8.79, 0, NaN, NaN, NaN
"2010-10-12 08:10:00.0", 12.075, 0.52, 1.16, 0.63, 0.64, 9.68, 0, NaN, NaN, NaN
"2010-10-13 08:20:00.0", 13.02, 0.66, 1.37, 0.41, 0.66, 14.13, 1, 0.0, 0.0, 0.0
"2010-10-14 08:30:00.0", 44.485, 0.1, 0.18, -0.03, 0.58, 13.0, 0, NaN, NaN, NaN
"2010-10-15 10:20:00.0", 201.88, 0.1, 2.95, -0.03, 0.5, 11.74, 0, NaN, NaN, NaN
"2010-10-16 08:15:00.0", 28.49, 0.18, 0.91, -0.04, 0.27, 4.23, 0, NaN, NaN, NaN
"2010-10-17 07:45:00.0", 15.435, 0.24, 1.23, 1.9, 0.51, 4.83, 0, NaN, NaN, NaN
"2010-10-18 08:30:00.0", 87.64, 0.47, 1.16, -0.03, 0.58, 7.6, 0, NaN, NaN, NaN
"2010-10-19 08:20:00.0", 23.17, 0.53, 0.33, 0.86, 0.98, 10.66, 0, NaN, NaN, NaN
"2010-10-20 08:10:00.0", 22.505, 0.34, 0.69, 0.34, 0.58, 9.84, 1, 200.0, 0.0, 226.6666667
"2010-10-21 08:13:00.0", 13.405, 0.14, 0.95, 0.14, 0.56, 9.89, 0, NaN, NaN, NaN
"2010-10-27 08:55:00.0", 13.51, 0.9, 3.06, 4.02, 0.84, 10.73, 2, 4900.0, 0.0, 40.0
"2010-11-03 08:20:00.0", 5.0855, 1.13, 3.81, 7.66, 1.07, 13.72, 1, 1250.0, 0.0, 26.66666667
"2010-11-10 07:25:00.0", 4.0915, 0.94, 5.045, NaN, NaN, NaN, 2, 1400.0, 0.0, 0.0
"2010-11-17 08:35:00.0", 8.26, 0.55, 2.95, 3.3, 0.8, 12.8, 3, 0.0, 0.0, 160.0
"2010-11-24 08:20:00.0", 6.1285, 0.94, 3.098, 7.9, 1.0, 12.0, 4, 1500.0, 0.0, 53.33333333
"2010-12-01 07:20:00.0", 4.6865, 0.4, 3.984, 10.3, 1.1, 12.9, 4, 1150.0, 0.0, 0.0
"2010-12-08 07:20:00.0", 10.255, 0.49, 2.557, 7.9, 0.9, 8.5, 4, 1400.0, 0.0, 66.66666667
"2010-12-15 07:35:00.0", 11.725, 0.72, 4.455, 2.4, 0.7, 3.5, 4, 5700.0, 0.0, 40.0
"2010-12-22 08:45:00.0", 10.99, 0.4, 2.823, 7.7, 0.9, 22.7, 3, 650.0, 0.0, 40.0
"2011-01-05 07:55:00.0", 1.75, 1.16, 3.744, 10.9, 1.2, 16.5, 0, 0.0, 0.0, 0.0
"2011-01-12 08:10:00.0", 2.0545, 1.44, 2.887, 10.8, 1.2, 18.2, 0, 0.0, 0.0, 0.0
"2011-01-19 08:40:00.0", 3.388, 0.58, 2.689, 9.2, 1.1, 24.5, 0, 0.0, 0.0, 0.0
"2011-01-26 08:15:00.0", 7.0, 1.58, 10.51, 12.0, 1.8, 19.2, 0, 0.0, 0.0, 0.0
"2011-02-02 08:15:00.0", 4.6725, 0.95, 2.362, 3.1, 0.6, 4.8, 1, 0.0, 0.0, 0.0
"2011-02-09 08:10:00.0", 2.317, 0.84, 3.68, 6.8, 1.0, 8.4, 2, 1450.0, 0.0, 0.0
"2011-02-16 08:20:00.0", 9.3416, 0.47, 2.834, 2.5, 0.7, 3.9, 2, 20600.0, 0.0, 0.0
"2011-02-23 07:35:00.0", 1.12, 0.59, 3.614, 5.2, 0.8, 13.0, 0, 400.0, 0.0, 0.0
"2011-03-02 08:15:00.0", 2.9575, 0.28, 2.099, 9.4, 0.8, 28.1, 0, 0.0, 0.0, 0.0
"2011-03-09 08:15:00.0", 3.178, 0.56, 1.448, 6.4, 0.7, 15.9, 0, 0.0, 0.0, 0.0
"2011-03-16 08:00:00.0", 3.6435, 0.4, 2.638, 7.8, 0.8, 16.4, 2, 47600.0, 0.0, 0.0
"2011-03-23 08:40:00.0", 6.4225, 0.58, 1.602, 7.2, 0.8, 27.0, 1, 10500.0, 0.0, 0.0
"2011-03-30 06:00:00.0", 1.6555, 0.56, 2.356, 5.6, 0.8, 22.1, 1, 200.0, 0.0, 0.0
"2011-04-06 09:40:00.0", 11.06, 0.59, 1.947, 5.0, 0.6, 19.6, 0, 0.0, 0.0, 0.0
"2011-04-13 09:30:00.0", 31.5326, 0.43, 0.307, 0.3, 0.2, 5.0, 1, 1100.0, 0.0, 340.0
"2011-04-20 09:40:00.0", 22.33, 0.71, 0.851, 4.4, 4.7, 11.4, 2, 0.0, 200.0, 120.0
"2011-04-27 09:35:00.0", 3.521, 0.95, 0.635, 0.4, 0.3, 10.8, 1, 0.0, 0.0, 0.0
"2011-05-04 06:05:00.0", 2.2225, 0.13, 1.028, 0.1, 0.4, 7.5, 1, 0.0, 0.0, 0.0
"2011-05-11 09:45:00.0", 3.43, 2.48, 5.552, 13.5, 1.9, 60.6, 0, 0.0, 0.0, 0.0
"2011-05-18 06:35:00.0", 11.27, 0.89, 4.925, 4.1, 0.9, 16.1, 1, 600.0, 700.0, 0.0
"2011-05-25 06:30:00.0", 10.535, 0.79, 1.247, 10.0, 0.9, 18.6, 2, 0.0, 350.0, 0.0
"2011-06-01 06:30:00.0", 42.56, 0.88, 4.202, 2.0, 0.8, 8.7, 2, 400.0, 3250.0, 0.0
"2011-06-08 08:50:00.0", 5.698, 1.36, 6.361, 3.5, 1.1, 16.4, 1, 0.0, 550.0, 0.0
"2011-06-15 08:08:00.0", 3.57, 0.76, 3.111, 2.2, 0.9, 24.6, 1, 0.0, 0.0, 0.0
"2011-06-22 07:00:00.0", 3.738, 0.72, 3.132, 4.8, 0.8, 27.3, 1, 0.0, 0.0, 0.0
"2011-06-29 07:20:00.0", 4.27, 1.09, 5.755, 1.3, 0.7, 9.0, 2, 100.0, 0.0, 0.0
"2011-07-06 07:10:00.0", 9.66, 0.62, 0.885, 1.3, 0.7, 30.9, 4, 18450.0, 3450.0, 0.0
"2011-07-13 07:30:00.0", 3.8955, 0.26, 0.737, 0.7, 0.3, 3.0, 3, 2450.0, 0.0, 0.0
"2011-07-20 07:30:00.0", 3.318, 0.49, 0.745, 0.5, 0.4, 16.9, 1, 0.0, 0.0, 0.0
"2011-07-27 07:48:00.0", 5.607, 0.51, 0.76, 0.2, 0.2, 4.2, 1, 700.0, 0.0, 0.0
"2011-08-03 07:30:00.0", 3.717, 1.89, 2.367, 1.5, 0.8, 12.3, 0, 0.0, 0.0, 180.0
"2011-08-10 07:32:00.0", 4.7824, 2.03, 1.959, 1.5, 0.6, 10.4, 4, 111900.0, 0.0, 100.0
"2011-08-17 07:30:00.0", 6.5503, 0.09, 1.498, 1.1, 0.4, 5.7, 4, 266250.0, 0.0, 70.0
"2011-08-24 07:42:00.0", 3.775, 0.81, 2.843, 1.8, 0.7, 12.6, 4, 209550.0, 0.0, 1173.33
"2011-08-31 08:40:00.0", 5.9035, 0.56, 2.949, 1.0, 0.8, 9.5, 2, 11650.0, 0.0, 150.0
"2011-09-07 08:37:00.0", 2.791, 0.65, 1.752, 1.1, 0.5, 7.4, 1, 0.0, 0.0, 1133.33
"2011-09-14 08:00:00.0", 4.2022, 0.61, 2.074, 1.7, 0.7, 12.0, 1, 950.0, 0.0, 290.0
"2011-09-21 07:27:00.0", 2.6342, 1.33, 4.61, 2.2, 1.1, 16.7, 0, 200.0, 0.0, 220.0
"2011-09-28 06:50:00.0", 4.4374, 0.69, 2.264, 1.5, 0.8, 11.0, 0, 0.0, 0.0, 720.0
"2011-10-05 07:00:00.0", 5.2133, 0.53, 1.736, 2.0, 0.7, 9.8, 3, 47200.0, 0.0, 880.0
"2011-10-12 06:55:00.0", 3.4512, 0.62, 3.851, 2.51, 1.07, 18.54, 0, 0.0, 0.0, 0.0
"2011-10-19 07:09:00.0", 13.0465, 0.84, 1.739, 5.81, 0.85, 16.35, 2, 13450.0, 0.0, 20.0
"2011-10-26 08:10:00.0", 5.8975, 1.28, 4.547, 5.86, 1.37, 17.21, 1, 900.0, 0.0, 760.0
"2011-11-02 07:35:00.0", 4.4345, 1.74, 3.766, 5.42, 1.49, 21.63, 2, 2600.0, 0.0, 50.0
"2011-11-09 08:50:00.0", 13.93, 0.27, 1.555, 6.13, 1.11, 19.68, 3, 153850.0, 0.0, 1490.0
"2011-11-16 08:06:00.0", 48.552, 0.05, 0.243, 0.49, 1.45, 19.45, 0, 250.0, 0.0, 7067.0
"2011-11-23 07:45:00.0", 52.85, 0.39, 0.115, 0.07, 0.75, 15.61, 2, 81200.0, 0.0, 2360.0
"2011-11-30 07:45:00.0", 53.2677, 0.39, 0.13, 0.21, 0.65, 18.22, 2, 25350.0, 0.0, 820.0
"2011-12-07 07:35:00.0", 42.4546, 0.8, 0.51, 0.94, 0.76, 18.8, 2, 5050.0, 0.0, 1720.0
"2011-12-14 08:50:00.0", 2.1035, 1.89, 4.919, 2.35, 1.13, 16.36, 2, 27200.0, 0.0, 80.0
"2011-12-21 08:34:00.0", 1.568, 0.17, 2.568, 5.38, 0.86, 9.87, 1, 0.0, 0.0, 270.0
"2012-01-04 08:55:00.0", 1.5995, 0.23, 2.46, 10.14, 1.27, 16.09, 0, 0.0, 0.0, 0.0
"2012-01-11 08:36:00.0", 2.8525, 0.22, 2.109, 10.04, 1.25, 17.93, 0, 0.0, 0.0, 10.0
"2012-01-18 08:30:00.0", 1.4661, 0.42, 2.97, 9.48, 1.29, 20.91, 0, 0.0, 0.0, 0.0
"2012-01-25 08:36:00.0", 1.498, 2.5, 2.371, 7.84, 1.18, 18.2, 0, 0.0, 0.0, 0.0
"2012-02-01 07:50:00.0", 2.835, 0.39, 2.278, 7.81, 1.34, 18.39, 0, 0.0, 0.0, 0.0
"2012-02-08 07:50:00.0", 3.661, 0.28, 1.599, 5.7, 1.16, 12.55, 0, 0.0, 0.0, 0.0
"2012-02-15 07:50:00.0", 1.7045, 0.38, 2.201, 9.51, 1.41, 16.58, 0, 0.0, 0.0, 0.0
"2012-02-22 08:03:00.0", 2.9422, 0.84, 1.79, 10.0, 1.49, 19.37, 0, 0.0, 0.0, 0.0
"2012-02-29 08:17:00.0", 4.3575, 0.49, 1.032, 14.32, 1.62, 24.44, 1, 0.0, 0.0, 0.0
"2012-03-07 08:20:00.0", 3.3565, 0.23, 2.161, 18.93, 2.15, 31.42, 1, 0.0, 0.0, 0.0
"2012-03-14 08:20:00.0", 8.013, 0.44, 1.422, 4.37, 1.43, 38.52, 2, 0.0, 0.0, 0.0
"2012-03-21 08:25:00.0", 2.863, 0.56, 1.929, 9.42, 1.55, 23.84, 0, 0.0, 0.0, 0.0
"2012-03-28 08:30:00.0", 4.991, 0.49, 1.363, NaN, NaN, NaN, 0, 0.0, 0.0, 0.0
"2012-04-04 07:28:00.0", 6.7865, 1.02, 2.809, 12.15, 1.52, 22.72, 0, 0.0, 0.0, 0.0
"2012-04-11 08:52:00.0", 6.076, 0.87, 1.44, 8.63, 1.26, 21.0, 0, 0.0, 0.0, 0.0
"2012-04-18 08:01:00.0", 10.29, 1.32, 1.107, 0.76, 0.82, 2.96, 2, 1450.0, 0.0, 0.0
"2012-04-25 08:09:00.0", 6.2125, 0.91, 0.985, 2.34, 0.89, 17.17, 4, 10850.0, 0.0, 0.0
"2012-05-02 07:25:00.0", 13.75, 0.93, 1.628, NaN, NaN, NaN, 4, 59350.0, 0.0, 0.0
"2012-05-09 07:55:00.0", 6.0015, 1.22, 0.946, 0.58, 0.82, 13.57, 3, 24200.0, 0.0, 0.0
"2012-05-16 07:32:00.0", 2.667, 0.18, 0.214, 0.0, 0.23, 0.48, 3, 13500.0, 0.0, 0.0
"2012-05-23 07:36:00.0", 15.295, 0.96, 0.026, 0.26, 0.46, 9.47, 4, 124450.0, 0.0, 0.0
"2012-05-30 07:58:00.0", 4.6165, 1.46, 1.049, 0.84, 0.69, 0.97, 3, 52800.0, 0.0, 0.0
"2012-06-06 07:00:00.0", 6.783, 1.82, 5.968, 22.86, 3.21, 34.67, 3, 27800.0, 0.0, 0.0
"2012-06-13 07:58:00.0", 7.2128, 0.15, 0.072, 0.0, 0.13, 2.7, 2, 2000.0, 0.0, 0.0
"2012-06-20 08:19:00.0", 3.2438, 0.31, 0.196, 0.96, 0.5, 10.1, 2, 0.0, 0.0, 0.0
"2012-06-27 07:30:00.0", 3.278, 0.52, 1.58, 1.59, 0.56, 4.21, 2, 0.0, 0.0, 0.0
"2012-07-03 08:00:00.0", 12.3812, 0.22, 0.46, 1.18, 0.51, 4.57, 2, 800.0, 0.0, 0.0
"2012-07-11 09:00:00.0", 5.131, 0.23, 0.73, 0.45, 0.44, 6.18, 2, 350.0, 0.0, 0.0
"2012-07-18 08:05:00.0", 4.2, 0.29, 0.91, 0.38, 0.51, 9.19, 4, 0.0, 0.0, 0.0
"2012-07-26 08:30:00.0", 6.321, 0.5, 2.03, 2.6, 1.09, 9.92, 4, 0.0, 0.0, 0.0
"2012-08-01 09:00:00.0", 4.6515, 0.19, 0.76, 0.62, 0.47, 4.6, 4, 206700.0, 0.0, 0.0
"2012-08-08 08:00:00.0", 2.4815, 0.8, 3.1, 1.13, 1.17, 8.41, 3, 36450.0, 0.0, 0.0
"2012-08-15 08:00:00.0", 8.435, 0.61, 0.7, 0.7, 0.55, 8.29, 4, 275300.0, 0.0, 0.0
"2012-08-22 08:30:00.0", 2.6005, 0.6069, 1.04, 0.19, 0.53, 3.03, 4, 127500.0, 0.0, 0.0
"2012-08-29 08:30:00.0", 4.62, 0.3666, 0.37, 1.2, 0.43, 3.31, 1, 750.0, 0.0, 0.0
"2012-09-05 08:00:00.0", 3.8815, 0.574, 0.71, 0.79, 0.54, 4.13, 1, 0.0, 0.0, 0.0
"2012-09-12 08:30:00.0", 9.667, 1.2699, 0.8, 0.7, 0.65, 6.03, 1, 0.0, 0.0, 0.0
"2012-09-19 08:30:00.0", 8.75, 1.898, 1.22, 0.15, 0.69, 6.59, 2, 31250.0, 0.0, 0.0
"2012-09-26 08:30:00.0", 7.3844, 1.0643, 2.56, 0.48, 1.0, 13.1, 1, 0.0, 0.0, 0.0
"2012-10-03 09:00:00.0", 6.4237, 1.2996, 2.0792, 0.24, 0.92, 13.66, 0, 0.0, 0.0, 40.0
"2012-10-10 08:30:00.0", 11.655, 0.6613, 0.7616, 0.0, 0.73, 15.01, 0, 0.0, 0.0, 0.0
"2012-10-17 08:00:00.0", 2.5725, 1.6785, 4.1154, 0.82, 1.19, 13.78, 0, 0.0, 0.0, 0.0
"2012-10-24 08:30:00.0", 3.115, 0.8922, 4.297, 0.25, 1.31, 19.38, 0, 0.0, 0.0, 0.0
"2012-10-31 08:30:00.0", 3.3915, 1.4628, 2.3063, 0.47, 1.2, 22.96, 2, 14950.0, 0.0, 0.0
"2012-11-07 08:30:00.0", 3.843, 0.9586, 3.0973, 2.26, 1.4, 14.7, 0, 0.0, 0.0, 0.0
"2012-11-14 08:30:00.0", 30.345, 0.3134, 0.2361, 0.0, 0.82, 17.68, 1, 1350.0, 0.0, 0.0
"2012-11-21 08:30:00.0", 6.5695, 1.5532, 3.7636, 0.78, 1.22, 10.44, 2, 3850.0, 0.0, 0.0
"2012-11-28 08:15:00.0", 16.73, 2.0384, 2.0872, 0.21, 1.39, 12.4, 0, 0.0, 0.0, 0.0
"2012-12-05 08:15:00.0", 5.656, 0.9213, 2.9963, 6.41, 1.59, 30.05, 0, 0.0, 0.0, 0.0
"2012-12-12 08:30:00.0", 2.212, 5.4725, 4.7056, 3.59, 1.79, 12.08, 0, 0.0, 0.0, 0.0
"2012-12-19 08:45:00.0", 2.4185, 1.7683, 4.1154, 6.7, 2.03, 15.9, 0, 0.0, 0.0, 0.0
"2013-01-09 08:15:00.0", 2.562, 0.8979, 1.5526, 9.12, 1.57, 18.15, 0, 0.0, 0.0, 0.0
"2013-01-16 08:00:00.0", 12.425, 0.6145, 1.6911, 9.64, 1.52, 14.15, 1, 0.0, 0.0, 0.0
"2013-01-23 08:15:00.0", 3.2585, 0.5127, 2.0554, 1.59, 1.01, 3.7, 0, 0.0, 0.0, 150.0
"2013-01-30 08:00:00.0", 1.204, 0.7297, 4.3456, 7.42, 1.66, 10.5, 0, 0.0, 0.0, 120.0
"2013-02-06 08:15:00.0", 3.4685, 1.9467, 2.8112, 7.63, 1.46, 9.68, 2, 0.0, 0.0, 480.0
"2013-02-13 08:30:00.0", 6.265, 1.9473, 2.5639, 6.83, 1.57, 10.65, 2, 0.0, 0.0, 0.0
"2013-02-20 09:30:00.0", 6.8495, 1.7661, 3.4463, 3.5, 1.72, 7.79, 2, 750.0, 0.0, 0.0
"2013-02-27 08:30:00.0", 9.555, 0.6583, 1.2066, 0.41, 0.89, 4.17, 4, 0.0, 200.0, 240.0
"2013-03-06 08:30:00.0", 14.0, 0.64, 1.0229, 0.91, 0.97, 4.21, 4, 1000.0, 0.0, 0.0
"2013-03-13 09:00:00.0", 2.8224, 0.8008, 0.8787, 0.09, 0.8, 9.66, 4, 400.0, 0.0, 0.0
"2013-03-20 08:30:00.0", 6.272, 1.4849, 2.0402, 1.39, 1.19, 5.21, 4, 200.0, 0.0, 270.0
"2013-03-27 08:30:00.0", 7.14, 0.413, 0.7641, 0.35, 0.62, 4.53, 4, 0.0, 0.0, 70.0
"2013-04-03 09:00:00.0", 5.796, 2.2088, 1.8477, 0.86, 0.92, 11.31, 4, 0.0, 0.0, 0.0
"2013-04-10 09:00:00.0", 2.975, 0.821, 3.1419, 12.8, 2.14, 29.12, 4, 0.0, 0.0, 0.0
"2013-04-17 08:30:00.0", 15.435, 0.2673, 1.3656, 14.5, 1.78, 23.52, 4, 2350.0, 0.0, 0.0
"2013-04-24 08:30:00.0", 9.555, 0.3878, 0.9253, 1.03, 0.52, 2.39, 4, 0.0, 0.0, 0.0
"2013-05-01 08:15:00.0", 16.135, 0.3556, 0.9182, 0.87, 0.39, 1.8, 4, 350.0, 0.0, 0.0
"2013-05-08 10:30:00.0", 14.105, 1.983, 1.4007, 6.2, 0.79, 8.94, 4, 2100.0, 0.0, 0.0
"2013-05-15 08:30:00.0", 6.1985, 0.2276, 0.5616, 0.3, 0.31, 2.94, 4, 0.0, 0.0, 40.0
"2013-05-22 09:30:00.0", 10.57, 0.5322, 4.0338, 16.89, 1.39, 24.26, 4, 1050.0, 0.0, 0.0
"2013-05-29 08:30:00.0", 16.415, 0.7402, 0.2867, 0.16, 0.27, 1.11, 4, 0.0, 0.0, 0.0
"2013-06-05 08:30:00.0", 15.295, 1.4401, 5.769, 7.45, 1.27, 14.91, 4, 400.0, 0.0, 0.0
"2013-06-12 08:00:00.0", 6.8775, 1.8834, 5.1162, 3.31, 1.02, 9.63, 4, 0.0, 0.0, 0.0
"2013-06-26 08:30:00.0", 6.251, 1.0467, 8.5695, 3.75, 0.99, 9.35, 4, 0.0, 0.0, 0.0
"2013-07-03 08:30:00.0", 4.6725, 0.3531, 0.2755, 1.04, 0.3, 0.33, 4, 350.0, 0.0, 0.0
"2013-07-10 08:30:00.0", 3.2585, 0.2743, 0.2918, 0.49, 0.27, 0.96, 4, 0.0, 0.0, 0.0
"2013-07-17 13:00:00.0", 2.828, 0.2337, 0.4963, 0.29, 0.19, 1.39, 4, 0.0, 0.0, 0.0
"2013-07-24 08:30:00.0", 10.115, 0.3589, 2.6258, 4.77, 0.61, 15.65, 4, 0.0, 0.0, 0.0
"2013-07-31 08:15:00.0", 13.09, 0.5171, 2.1577, 3.95, 0.62, 28.81, 4, 0.0, 0.0, 0.0
"2013-08-07 07:30:00.0", 5.0295, 2.8958, 4.8534, 5.76, 1.13, 16.3, 4, 0.0, 0.0, 0.0
"2013-08-14 08:30:00.0", 3.9095, 0.471, 1.7101, 1.31, 0.54, 2.59, 4, 0.0, 0.0, 0.0
"2013-08-21 08:15:00.0", 18.725, 0.5851, 0.2816, 0.44, 0.32, 1.29, 4, 0.0, 0.0, 0.0
"2013-08-28 08:30:00.0", 1.799, 0.884, 0.7084, 0.51, 0.43, 1.28, 3, 0.0, 0.0, 0.0
"2013-09-04 08:30:00.0", 5.726, 0.9741, 7.0945, 0.74, 0.47, 3.37, 1, 0.0, 0.0, 0.0
"2013-09-11 09:00:00.0", 19.95, 1.874, 8.4782, 5.09, 1.07, 9.37, 1, 0.0, 0.0, 2080.0
"2013-09-18 08:30:00.0", 9.59, 1.2419, 2.7704, 5.36, 0.66, 8.39, 0, 0.0, 0.0, 180.0
"2013-09-25 09:00:00.0", 5.15088, NaN, 4.2327, 9.82, 1.19, 26.02, 1, 0.0, 0.0, 100.0
"2013-10-02 08:45:00.0", 7.6944, 1.157, 2.0761, 8.04, 0.96, 22.36, 1, 0.0, 0.0, 2100.0
"2013-10-09 08:45:00.0", 47.9472, 0.6642, 0.3095, 0.94, 0.57, 24.61, 1, 0.0, 0.0, 3713.0
"2013-10-16 09:15:00.0", 2.18904, 4.0719, 11.3778, 5.61, 2.28, 23.91, 0, 0.0, 0.0, 10.0
"2013-10-23 08:45:00.0", 7.6272, 2.7428, 9.8658, 6.09, 1.89, 20.76, 0, 0.0, 0.0, 0.0
"2013-10-29 08:15:00.0", 1.34064, 2.6235, 10.3632, 12.21, 1.64, 13.67, 0, 0.0, 0.0, 0.0
"2013-11-06 08:00:00.0", 2.40576, 2.5185, 8.5428, 8.66, 1.96, 26.44, 0, 0.0, 0.0, 20.0
"2013-11-13 08:15:00.0", 4.62336, 1.8727, 6.2948, 7.21, 1.48, 19.4, 0, 0.0, 0.0, 1520.0
"2013-11-27 08:20:00.0", 1.48176, 4.938, 10.5927, 7.93, 1.79, 18.46, 0, 0.0, 0.0, 690.0
"2013-12-04 08:15:00.0", 1.89504, 4.194, 9.1157, 7.91, 1.54, 18.04, 0, 0.0, 0.0, 1820.0
"2013-12-11 09:25:00.0", 0.8904, 1.431, 5.6038, 12.57, 1.55, 18.69, 0, 0.0, 0.0, 30.0
"2013-12-18 09:00:00.0", 2.6628, 2.044, 3.5169, 12.24, 1.41, 19.51, 0, 0.0, 0.0, 30.0
"2014-01-08 08:45:00.0", 1.8984, 3.905, 5.56, 8.85, 1.44, 15.73, 0, 0.0, 0.0, 0.0
"2014-01-15 08:20:00.0", 1.66992, 0.9, 4.2581, 7.58, 1.11, 13.84, 0, 0.0, 0.0, 0.0
"2014-01-22 07:50:00.0", 1.87, 1.433, 4.8188, 6.96, 1.3, 15.35, 0, 0.0, 0.0, 0.0
"2014-01-29 08:25:00.0", 1.1111, 2.147, 6.0524, 6.2, 1.15, 12.56, 0, 0.0, 0.0, 0.0
"2014-02-05 08:00:00.0", 1.4815584, 2.386, 9.3838, 5.24, 1.31, 16.25, 0, 0.0, 0.0, 0.0
"2014-02-12 07:45:00.0", 1.285, 1.659, 6.1043, 5.59, 1.03, 15.21, 0, 0.0, 0.0, 0.0
"2014-02-19 07:35:00.0", 3.6619, 3.024, 5.2017, 5.06, 1.02, 13.17, 2, 0.0, 0.0, 0.0
"2014-02-26 07:40:00.0", 2.06976, 1.475, 4.1132, 4.03, 0.97, 9.97, 0, 0.0, 0.0, 0.0
"2014-03-06 07:30:00.0", 2.27472, 0.744, 5.8801, 7.32, 1.05, 16.77, 0, 550.0, 0.0, 0.0
"2014-03-12 07:40:00.0", 2.82912, 0.73, 4.518, NaN, NaN, NaN, 2, 14500.0, 0.0, 0.0
"2014-03-19 08:10:00.0", 3.01056, 0.613, 2.4912, NaN, NaN, NaN, 2, 7300.0, 0.0, 0.0
"2014-03-26 08:00:00.0", 5.60448, 0.983, 4.4195, NaN, NaN, NaN, 4, 135850.0, 0.0, 0.0
"2014-04-03 06:00:00.0", 5.84304, 1.434, 3.2789, NaN, NaN, NaN, 4, 248800.0, 0.0, 0.0
"2014-04-09 08:30:00.0", 2.4192, 0.706, 3.0536, NaN, NaN, NaN, 4, 61850.0, 0.0, 0.0
"2014-04-16 07:30:00.0", 5.73552, 0.405, 1.6597, NaN, NaN, NaN, 4, 0.0, 0.0, 0.0
"2014-04-23 07:30:00.0", 4.24032, 0.911, 4.0885, NaN, NaN, NaN, 2, 2750.0, 0.0, 0.0
"2014-04-30 07:30:00.0", 12.4992, 1.998, NaN, NaN, NaN, NaN, 4, 174250.0, 250.0, 0.0
"2014-05-07 08:30:00.0", 7.7952, 0.747, NaN, NaN, NaN, NaN, 4, 170050.0, 0.0, 20.0
"2014-05-14 08:45:00.0", 6.07824, 0.319, NaN, NaN, NaN, NaN, 4, 170850.0, 0.0, 60.0
"2014-05-21 08:50:00.0", 4.1664, 1.806, NaN, NaN, NaN, NaN, 3, 47600.0, 0.0, 350.0
"2014-05-28 08:35:00.0", 4.86528, 0.287, NaN, NaN, NaN, NaN, 4, 26750.0, 0.0, 230.0
"2014-06-04 08:15:00.0", 3.37008, 0.552, NaN, NaN, NaN, NaN, 4, 23150.0, 0.0, 190.0
"2014-06-11 08:50:00.0", 8.8032, 0.878, NaN, NaN, NaN, NaN, 1, 0.0, 0.0, 760.0
"2014-06-18 09:20:00.0", 7.9296, NaN, NaN, NaN, NaN, NaN, 2, 1600.0, 200.0, 20.0
"2014-06-25 09:20:00.0", 8.29779, NaN, NaN, NaN, NaN, NaN, 1, 0.0, 0.0, 180.0
"2014-07-02 09:10:00.0", 5.47263, NaN, NaN, NaN, NaN, NaN, 1, 0.0, 0.0, 2360.0
"2014-07-09 09:50:00.0", 3.13307, NaN, NaN, NaN, NaN, NaN, 3, 5550.0, 0.0, 740.0
"2014-07-16 09:25:00.0", 2.65776, NaN, NaN, NaN, NaN, NaN, 4, 10400.0, 0.0, 1200.0
"2014-07-23 09:20:00.0", 9.408, NaN, NaN, NaN, NaN, NaN, 0, 0.0, 0.0, 230.0
"2014-07-30 09:10:00.0", 8.39919, NaN, NaN, NaN, NaN, NaN, 0, 0.0, 0.0, 0.0
"2014-08-06 08:45:00.0", 6.7536, NaN, NaN, NaN, NaN, NaN, 0, 0.0, 0.0, 0.0
"2014-08-13 10:30:00.0", 11.995, NaN, NaN, NaN, NaN, NaN, 1, 100.0, 0.0, 0.0
"2014-08-20 09:00:00.0", 7.9632, NaN, NaN, NaN, NaN, NaN, 1, 0.0, 0.0, 0.0
"2014-08-27 08:45:00.0", 4.86864, NaN, NaN, NaN, NaN, NaN, 0, 0.0, 0.0, 0.0
"2014-09-03 09:00:00.0", 3.0428832, NaN, NaN, NaN, NaN, NaN, 0, 0.0, 0.0, 0.0
"2014-09-10 08:45:00.0", 4.478, NaN, NaN, NaN, NaN, NaN, 1, 0.0, 0.0, 0.0
"2014-09-17 09:15:00.0", 6.8875, NaN, NaN, NaN, NaN, NaN, 1, 0.0, 0.0, 0.0
"2014-09-24 09:15:00.0", 11.088, NaN, NaN, NaN, NaN, NaN, 0, 0.0, 0.0, 500.0
"2014-10-01 08:50:00.0", 4.8386, NaN, NaN, NaN, NaN, NaN, 0, 0.0, 0.0, 820.0
"2014-10-08 08:10:00.0", 4.7945, NaN, NaN, NaN, NaN, NaN, 0, 0.0, 0.0, 170.0
"2014-10-15 07:40:00.0", 2.6281, NaN, NaN, NaN, NaN, NaN, 1, 0.0, 0.0, 2700.0
"2014-10-22 07:30:00.0", 2.0126, NaN, NaN, NaN, NaN, NaN, 0, 0.0, 0.0, 60.0
"2014-10-29 07:35:00.0", 2.4858, NaN, NaN, NaN, NaN, NaN, 0, 0.0, 0.0, 0.0
"2014-11-05 07:30:00.0", 48.8865, NaN, NaN, NaN, NaN, NaN, 0, 0.0, 0.0, 1030.0
"2014-11-12 07:30:00.0", 11.2224, NaN, NaN, NaN, NaN, NaN, 0, 0.0, 0.0, 3380.0
"2014-11-19 07:40:00.0", 5.9842, NaN, NaN, NaN, NaN, NaN, 1, 0.0, 0.0, 680.0
"2014-11-26 07:50:00.0", 7.7952, NaN, NaN, NaN, NaN, NaN, 0, 0.0, 0.0, 1290.0
"2014-12-03 07:50:00.0", 4.9694, NaN, NaN, NaN, NaN, NaN, 0, 0.0, 0.0, 270.0
"2014-12-10 07:45:00.0", 3.0007, NaN, NaN, NaN, NaN, NaN, 0, 0.0, 0.0, 0.0
"2014-12-17 08:05:00.0", 0.9005, NaN, NaN, NaN, NaN, NaN, 0, 0.0, 0.0, 0.0
"2015-01-07 09:25:00.0", 0.8077, NaN, NaN, NaN, NaN, NaN, 0, 0.0, 0.0, 0.0
"2015-01-14 08:40:00.0", 1.2042, NaN, NaN, NaN, NaN, NaN, 0, 0.0, 0.0, 0.0
"2015-01-21 08:35:00.0", 1.4717, NaN, NaN, NaN, NaN, NaN, 0, 0.0, 0.0, 0.0
"2015-01-28 08:45:00.0", 1.0853, NaN, NaN, NaN, NaN, NaN, 0, 0.0, 0.0, 0.0
"2015-02-04 08:30:00.0", 1.5916, NaN, NaN, NaN, NaN, NaN, 0, 0.0, 0.0, 20.0
"2015-02-11 08:25:00.0", 1.4582, NaN, NaN, NaN, NaN, NaN, 0, 0.0, 0.0, 0.0
"2015-02-18 08:30:00.0", 1.7237, NaN, NaN, NaN, NaN, NaN, 0, 0.0, 0.0, 0.0
"2015-02-25 08:30:00.0", 1.6531, NaN, NaN, NaN, NaN, NaN, 0, 0.0, 0.0, 0.0
"2015-03-04 08:30:00.0", 3.9715, NaN, NaN, NaN, NaN, NaN, 2, 0.0, 0.0, 10.0
"2015-03-11 08:30:00.0", 3.407, NaN, NaN, NaN, NaN, NaN, 2, 0.0, 0.0, 0.0
"2015-03-18 08:30:00.0", 2.2008, NaN, NaN, NaN, NaN, NaN, 1, 0.0, 0.0, 0.0
"2015-03-25 08:30:00.0", 1.6867, NaN, NaN, NaN, NaN, NaN, 0, 0.0, 0.0, 0.0
"2015-04-01 08:25:00.0", 3.8897, NaN, NaN, NaN, NaN, NaN, 2, 0.0, 6600.0, 0.0
"2015-04-08 08:30:00.0", 12.6336, NaN, NaN, NaN, NaN, NaN, 3, 750.0, 25450.0, 80.0
"2015-04-15 09:00:00.0", 1.8547, NaN, NaN, NaN, NaN, NaN, 3, 100.0, 27150.0, 20.0
"2015-04-22 08:45:00.0", 5.1106, NaN, NaN, NaN, NaN, NaN, 4, 19400.0, 103200.0, 20.0
"2015-04-29 08:15:00.0", 4.9661, NaN, NaN, NaN, NaN, NaN, 4, 193150.0, 4850.0, 0.0
"2015-05-06 08:30:00.0", 7.7279, NaN, NaN, NaN, NaN, NaN, 4, 153000.0, 1650.0, 0.0
"2015-05-13 08:15:00.0", 1.4515, NaN, NaN, NaN, NaN, NaN, 3, 23550.0, 0.0, 0.0
"2015-05-20 08:15:00.0", 9.5751, NaN, NaN, NaN, NaN, NaN, 4, 444200.0, 0.0, 110.0
"2015-05-27 08:15:00.0", 10.4143, NaN, NaN, NaN, NaN, NaN, 4, 491450.0, 0.0, 0.0
"2015-06-03 08:30:00.0", 4.2188, NaN, NaN, NaN, NaN, NaN, 1, 4250.0, 0.0, 540.0
"2015-06-10 08:15:00.0", 4.6589, NaN, NaN, NaN, NaN, NaN, 2, 14350.0, 0.0, 310.0
"2015-06-17 08:30:00.0", 3.1651, NaN, NaN, NaN, NaN, NaN, 3, 48500.0, 0.0, 600.0
"2015-06-24 08:15:00.0", 7.9625, NaN, NaN, NaN, NaN, NaN, 2, 29650.0, 0.0, 50.0
"2015-07-01 08:30:00.0", 4.3772, NaN, NaN, NaN, NaN, NaN, 1, 750.0, 0.0, 70.0
"2015-07-08 08:45:00.0", 3.5347, NaN, NaN, NaN, NaN, NaN, 0, 0.0, 0.0, 50.0
"2015-07-15 08:15:00.0", 3.2693, NaN, NaN, NaN, NaN, NaN, 0, 200.0, 0.0, 0.0
"2015-07-22 07:50:00.0", 1.9012, NaN, NaN, NaN, NaN, NaN, 1, 0.0, 0.0, 0.0
"2015-07-29 08:25:00.0", 6.3605, NaN, NaN, NaN, NaN, NaN, 1, 2850.0, 0.0, 50.0
"2015-08-05 08:20:00.0", 5.207, NaN, NaN, NaN, NaN, NaN, 2, 26000.0, 0.0, 90.0
"2015-08-12 08:25:00.0", 5.7521, NaN, NaN, NaN, NaN, NaN, 1, 100.0, 0.0, 30.0
"2015-08-19 08:15:00.0", 3.6075, NaN, NaN, NaN, NaN, NaN, 1, 450.0, 0.0, 260.0
"2015-08-26 08:20:00.0", 2.7254, NaN, NaN, NaN, NaN, NaN, 1, 1050.0, 0.0, 10.0
"2015-09-02 08:30:00.0", 4.0112, NaN, NaN, NaN, NaN, NaN, 2, 4100.0, 0.0, 0.0
"2015-09-09 08:15:00.0", 6.0135, NaN, NaN, NaN, NaN, NaN, 2, 1300.0, 0.0, 20.0
"2015-09-16 08:15:00.0", 1.2218, NaN, NaN, NaN, NaN, NaN, 3, 28000.0, 0.0, 0.0
"2015-09-23 08:30:00.0", 2.7711, NaN, NaN, NaN, NaN, NaN, 0, 150.0, 0.0, 20.0
"2015-09-30 08:15:00.0", 2.7438, NaN, NaN, NaN, NaN, NaN, 0, 0.0, 0.0, 0.0
"2015-10-07 08:30:00.0", 4.5746, NaN, NaN, NaN, NaN, NaN, 1, 450.0, 0.0, 0.0
"2015-10-14 08:30:00.0", 2.6404, NaN, NaN, NaN, NaN, NaN, 0, 0.0, 0.0, 0.0
"2015-10-21 08:30:00.0", 2.58, NaN, NaN, NaN, NaN, NaN, 0, NaN, NaN, NaN
"2015-10-28 09:00:00.0", 3.584, NaN, NaN, NaN, NaN, NaN, 0, NaN, NaN, NaN
"2015-11-04 08:40:00.0", 1.7859, NaN, NaN, NaN, NaN, NaN, 0, NaN, NaN, NaN

