#YY  MM DD hh mm WDIR WSPD GST  WVHT   DPD   APD MWD   PRES  ATMP  WTMP  DEWP  VIS  TIDE
#yr  mo dy hr mn degT m/s  m/s     m   sec   sec deg    hPa  degC  degC  degC  nmi    ft
2018 04 01 00 05 290  5.7 99.0 99.00 99.00 99.00 999 1016.5  12.5  13.2 999.0 99.0 99.00
2018 04 01 01 05 300  5.1 99.0 99.00 99.00 99.00 999 1016.4  12.5  13.3 999.0 99.0 99.00
2018 04 01 02 05 290  7.2 99.0 99.00 99.00 99.00 999 1016.2  12.2  13.4 999.0 99.0 99.00
2018 04 01 03 05 310  8.8 99.0 99.00 99.00 99.00 999 1015.9  12.2  13.4 999.0 99.0 99.00
2018 04 01 04 05 300  8.2 99.0 99.00 99.00 99.00 999 1016.3  12.1  13.4 999.0 99.0 99.00
2018 04 01 05 05 310  6.7 99.0 99.00 99.00 99.00 999 1016.6  12.3  13.4 999.0 99.0 99.00
2018 04 01 06 05 310  6.2 99.0 99.00 99.00 99.00 999 1016.7  11.8  13.4 999.0 99.0 99.00
2018 04 01 07 05 330  3.6 99.0 99.00 99.00 99.00 999 1017.0  11.2  13.3 999.0 99.0 99.00
2018 04 01 08 05 310  5.1 99.0 99.00 99.00 99.00 999 1016.5  11.3  13.2 999.0 99.0 99.00
2018 04 01 09 05 300  3.6 99.0 99.00 99.00 99.00 999 1016.1  11.2  13.1 999.0 99.0 99.00
2018 04 01 10 05  10  2.1 99.0 99.00 99.00 99.00 999 1015.5  10.7  13.1 999.0 99.0 99.00
2018 04 01 11 05 310  2.1 99.0 99.00 99.00 99.00 999 1015.4  11.3  13.1 999.0 99.0 99.00
2018 04 01 12 05 300  3.1 99.0 99.00 99.00 99.00 999 1015.2  11.1  13.1 999.0 99.0 99.00
2018 04 01 13 05 330  1.0 99.0 99.00 99.00 99.00 999 1014.9  11.1  13.1 999.0 99.0 99.00
2018 04 01 14 05  30  3.1 99.0 99.00 99.00 99.00 999 1014.8  11.0  13.1 999.0 99.0 99.00
2018 04 01 15 05  10  2.6 99.0 99.00 99.00 99.00 999 1015.0  11.5  13.1 999.0 99.0 99.00
2018 04 01 16 05  70  2.1 99.0 99.00 99.00 99.00 999 1015.1  10.9  13.0 999.0 99.0 99.00
2018 04 01 17 05 360  1.5 99.0 99.00 99.00 99.00 999 1015.1  10.9  13.0 999.0 99.0 99.00
2018 04 01 18 05 330  2.1 99.0 99.00 99.00 99.00 999 1015.0  11.5  13.1 999.0 99.0 99.00
2018 04 01 19 05 320  3.1 99.0 99.00 99.00 99.00 999 1014.8  11.5  13.4 999.0 99.0 99.00
2018 04 01 20 05 290  3.6 99.0 99.00 99.00 99.00 999 1014.2  12.3  13.4 999.0 99.0 99.00
2018 04 01 21 05 300  5.7 99.0 99.00 99.00 99.00 999 1013.7  13.4  13.6 999.0 99.0 99.00
2018 04 01 22 06 290  5.7 99.0 99.00 99.00 99.00 999 1013.0  13.8  13.4 999.0 99.0 99.00
2018 04 01 23 05 280 11.3 99.0 99.00 99.00 99.00 999 1012.1  13.7  13.2 999.0 99.0 99.00
2018 04 02 00 05 290  9.8 99.0 99.00 99.00 99.00 999 1012.0  13.4  13.0 999.0 99.0 99.00
2018 04 02 01 05 280 11.3 99.0 99.00 99.00 99.00 999 1011.6  13.5  13.0 999.0 99.0 99.00
2018 04 02 02 05 290 10.8 99.0 99.00 99.00 99.00 999 1011.9  13.4  13.0 999.0 99.0 99.00
2018 04 02 03 05 290  9.8 99.0 99.00 99.00 99.00 999 1012.3  13.1  13.0 999.0 99.0 99.00
2018 04 02 04 05 300  8.8 99.0 99.00 99.00 99.00 999 1012.9  13.2  13.1 999.0 99.0 99.00
2018 04 02 05 05 300  7.7 99.0 99.00 99.00 99.00 999 1013.2  13.3  13.0 999.0 99.0 99.00
2018 04 02 06 05 300  6.7 99.0 99.00 99.00 99.00 999 1013.4  13.4  13.1 999.0 99.0 99.00
2018 04 02 07 05 300  8.2 99.0 99.00 99.00 99.00 999 1013.2  13.0  13.0 999.0 99.0 99.00
2018 04 02 08 05 310  8.8 99.0 99.00 99.00 99.00 999 1013.2  12.9  12.9 999.0 99.0 99.00
2018 04 02 09 05 310  7.2 99.0 99.00 99.00 99.00 999 1013.2  12.6  12.8 999.0 99.0 99.00
2018 04 02 10 05 310  8.2 99.0 99.00 99.00 99.00 999 1012.8  12.4  12.8 999.0 99.0 99.00
2018 04 02 11 05 320  7.7 99.0 99.00 99.00 99.00 999 1012.6  12.2  12.8 999.0 99.0 99.00
2018 04 02 12 05 300  8.2 99.0 99.00 99.00 99.00 999 1012.4  12.2  12.8 999.0 99.0 99.00
2018 04 02 13 05 310  7.7 99.0 99.00 99.00 99.00 999 1012.5  12.2  12.8 999.0 99.0 99.00
2018 04 02 14 05 310  8.8 99.0 99.00 99.00 99.00 999 1012.6  12.3  12.8 999.0 99.0 99.00
2018 04 02 15 05 310  8.8 99.0 99.00 99.00 99.00 999 1013.3  12.2  12.8 999.0 99.0 99.00
2018 04 02 16 05 310 10.8 99.0 99.00 99.00 99.00 999 1013.7  12.3  13.0 999.0 99.0 99.00
2018 04 02 17 05 310  7.2 99.0 99.00 99.00 99.00 999 1014.0  12.5  13.1 999.0 99.0 99.00
2018 04 02 18 05 330  6.2 99.0 99.00 99.00 99.00 999 1014.0  12.6  13.2 999.0 99.0 99.00
2018 04 02 19 05 310  6.7 99.0 99.00 99.00 99.00 999 1013.9  12.6  13.2 999.0 99.0 99.00
2018 04 02 20 05 300  9.3 99.0 99.00 99.00 99.00 999 1013.4  12.5  13.1 999.0 99.0 99.00
2018 04 02 21 05 300  7.2 99.0 99.00 99.00 99.00 999 1013.1  12.7  13.2 999.0 99.0 99.00
2018 04 02 22 06 290  7.7 99.0 99.00 99.00 99.00 999 1012.7  12.9  13.2 999.0 99.0 99.00
2018 04 02 23 05 300  9.8 99.0 99.00 99.00 99.00 999 1012.0  13.0  13.2 999.0 99.0 99.00
2018 04 03 00 05 300 10.3 99.0 99.00 99.00 99.00 999 1011.8  13.1  13.2 999.0 99.0 99.00
2018 04 03 01 05 300 12.4 99.0 99.00 99.00 99.00 999 1011.7  13.0  13.2 999.0 99.0 99.00
2018 04 03 02 05 300 10.8 99.0 99.00 99.00 99.00 999 1011.8  12.8  13.2 999.0 99.0 99.00
2018 04 03 03 05 310 10.8 99.0 99.00 99.00 99.00 999 1012.0  12.5  13.1 999.0 99.0 99.00
2018 04 03 04 05 310  9.8 99.0 99.00 99.00 99.00 999 1012.7  12.2  13.1 999.0 99.0 99.00
2018 04 03 05 05 310  9.3 99.0 99.00 99.00 99.00 999 1013.2  12.0  13.1 999.0 99.0 99.00
2018 04 03 06 05 310  8.8 99.0 99.00 99.00 99.00 999 1013.5  11.8  13.0 999.0 99.0 99.00
2018 04 03 07 05 320  6.7 99.0 99.00 99.00 99.00 999 1013.8  11.8  13.0 999.0 99.0 99.00
2018 04 03 08 05 320  7.2 99.0 99.00 99.00 99.00 999 1013.8  11.7  12.9 999.0 99.0 99.00
2018 04 03 09 05 330  5.1 99.0 99.00 99.00 99.00 999 1013.8  11.7  12.9 999.0 99.0 99.00
2018 04 03 10 05 330  4.6 99.0 99.00 99.00 99.00 999 1013.6  11.6  12.9 999.0 99.0 99.00
2018 04 03 11 05  10  4.1 99.0 99.00 99.00 99.00 999 1013.7  11.6  12.8 999.0 99.0 99.00
2018 04 03 12 05  10  3.1 99.0 99.00 99.00 99.00 999 1013.9  11.5  12.8 999.0 99.0 99.00
2018 04 03 13 05 350  2.6 99.0 99.00 99.00 99.00 999 1014.5  11.5  12.8 999.0 99.0 99.00
2018 04 03 14 05  80  0.5 99.0 99.00 99.00 99.00 999 1015.0  11.5  12.8 999.0 99.0 99.00
2018 04 03 15 05 360  2.6 99.0 99.00 99.00 99.00 999 1015.7  11.7  12.8 999.0 99.0 99.00
2018 04 03 16 05  60  3.1 99.0 99.00 99.00 99.00 999 1015.8  11.1  12.8 999.0 99.0 99.00
2018 04 03 17 05  70  2.1 99.0 99.00 99.00 99.00 999 1016.3  11.7  12.8 999.0 99.0 99.00
2018 04 03 18 05 310  3.6 99.0 99.00 99.00 99.00 999 1017.0  11.4  13.0 999.0 99.0 99.00
2018 04 03 19 05 310  4.1 99.0 99.00 99.00 99.00 999 1016.5  11.6  12.9 999.0 99.0 99.00
2018 04 03 20 05 290  6.7 99.0 99.00 99.00 99.00 999 1016.4  12.0  12.8 999.0 99.0 99.00
2018 04 03 21 05 290  6.2 99.0 99.00 99.00 99.00 999 1016.4  12.1  12.8 999.0 99.0 99.00
2018 04 03 22 06 280  5.7 99.0 99.00 99.00 99.00 999 1016.1  12.5  12.8 999.0 99.0 99.00
2018 04 03 23 05 280  6.2 99.0 99.00 99.00 99.00 999 1016.0  12.4  12.6 999.0 99.0 99.00
2018 04 04 00 05 290  7.2 99.0 99.00 99.00 99.00 999 1016.0  12.4  12.5 999.0 99.0 99.00
2018 04 04 01 05 270  4.6 99.0 99.00 99.00 99.00 999 1015.9  12.4  12.7 999.0 99.0 99.00
2018 04 04 02 05 280  6.2 99.0 99.00 99.00 99.00 999 1016.0  12.3  12.8 999.0 99.0 99.00
2018 04 04 03 05 290  5.7 99.0 99.00 99.00 99.00 999 1016.3  12.1  12.9 999.0 99.0 99.00
2018 04 04 04 05 280  8.2 99.0 99.00 99.00 99.00 999 1016.6  12.0  12.9 999.0 99.0 99.00
2018 04 04 05 05 300  8.2 99.0 99.00 99.00 99.00 999 1016.7  12.1  12.7 999.0 99.0 99.00
2018 04 04 06 05 280  4.1 99.0 99.00 99.00 99.00 999 1016.6  12.6  12.5 999.0 99.0 99.00
2018 04 04 07 05 300  4.6 99.0 99.00 99.00 99.00 999 1016.3  12.7  12.5 999.0 99.0 99.00
2018 04 04 08 05  10  5.7 99.0 99.00 99.00 99.00 999 1016.7  12.4  12.5 999.0 99.0 99.00
2018 04 04 09 05 360  5.1 99.0 99.00 99.00 99.00 999 1017.1  12.1  12.6 999.0 99.0 99.00
2018 04 04 10 05 320  6.2 99.0 99.00 99.00 99.00 999 1017.5  11.6  12.6 999.0 99.0 99.00
2018 04 04 11 05 330  4.6 99.0 99.00 99.00 99.00 999 1017.1  11.6  12.5 999.0 99.0 99.00
2018 04 04 12 05 320  1.0 99.0 99.00 99.00 99.00 999 1016.7  11.6  12.5 999.0 99.0 99.00
2018 04 04 13 05  60  3.6 99.0 99.00 99.00 99.00 999 1016.7  11.8  12.5 999.0 99.0 99.00
2018 04 04 14 05  10  2.6 99.0 99.00 99.00 99.00 999 1017.4  11.9  12.5 999.0 99.0 99.00
2018 04 04 15 05  40  1.0 99.0 99.00 99.00 99.00 999 1018.2  11.7  12.5 999.0 99.0 99.00
2018 04 04 16 05 320  4.1 99.0 99.00 99.00 99.00 999 1018.3  11.9  12.4 999.0 99.0 99.00
2018 04 04 17 05  90  2.1 99.0 99.00 99.00 99.00 999 1018.6  12.0  12.5 999.0 99.0 99.00
2018 04 04 18 05 100  0.5 99.0 99.00 99.00 99.00 999 1019.1  12.2  12.6 999.0 99.0 99.00
2018 04 04 19 05 270  3.6 99.0 99.00 99.00 99.00 999 1019.7  12.1  12.8 999.0 99.0 99.00
2018 04 04 20 05 300  6.2 99.0 99.00 99.00 99.00 999 1019.6  12.4  12.8 999.0 99.0 99.00
2018 04 04 21 05 280  5.1 99.0 99.00 99.00 99.00 999 1019.4  12.6  12.7 999.0 99.0 99.00
2018 04 04 22 06 280  5.7 99.0 99.00 99.00 99.00 999 1018.8  12.7  12.6 999.0 99.0 99.00
2018 04 04 23 05 280  6.2 99.0 99.00 99.00 99.00 999 1018.2  12.6  12.7 999.0 99.0 99.00
2018 04 05 00 05 280  6.2 99.0 99.00 99.00 99.00 999 1018.1  12.6  12.7 999.0 99.0 99.00
2018 04 05 01 05 280  5.7 99.0 99.00 99.00 99.00 999 1018.1  12.6  12.6 999.0 99.0 99.00
2018 04 05 02 05 280  5.7 99.0 99.00 99.00 99.00 999 1018.0  12.6  12.6 999.0 99.0 99.00
2018 04 05 03 05 270  4.6 99.0 99.00 99.00 99.00 999 1018.0  12.7  12.7 999.0 99.0 99.00
2018 04 05 04 05 290  5.7 99.0 99.00 99.00 99.00 999 1018.0  12.7  12.7 999.0 99.0 99.00
2018 04 05 05 05 300  4.1 99.0 99.00 99.00 99.00 999 1018.3  13.0  12.8 999.0 99.0 99.00
2018 04 05 06 05 280  6.2 99.0 99.00 99.00 99.00 999 1019.1  12.6  12.8 999.0 99.0 99.00
2018 04 05 07 05 310  5.1 99.0 99.00 99.00 99.00 999 1019.1  12.6  12.8 999.0 99.0 99.00
2018 04 05 08 05 300  5.1 99.0 99.00 99.00 99.00 999 1019.2  12.6  12.7 999.0 99.0 99.00
2018 04 05 09 05 310  5.1 99.0 99.00 99.00 99.00 999 1018.9  12.4  12.7 999.0 99.0 99.00
2018 04 05 10 05 320  4.1 99.0 99.00 99.00 99.00 999 1018.9  12.4  12.7 999.0 99.0 99.00
2018 04 05 11 05 330  2.6 99.0 99.00 99.00 99.00 999 1018.5  12.4  12.7 999.0 99.0 99.00
2018 04 05 12 05 260  2.1 99.0 99.00 99.00 99.00 999 1018.2  12.4  12.7 999.0 99.0 99.00
2018 04 05 13 05 290  3.6 99.0 99.00 99.00 99.00 999 1018.7  12.4  12.6 999.0 99.0 99.00
2018 04 05 14 05  10  2.6 99.0 99.00 99.00 99.00 999 1019.0  12.5  12.6 999.0 99.0 99.00
2018 04 05 15 05 340  2.6 99.0 99.00 99.00 99.00 999 1019.4  12.3  12.6 999.0 99.0 99.00
2018 04 05 16 05 300  4.6 99.0 99.00 99.00 99.00 999 1020.3  12.4  12.6 999.0 99.0 99.00
2018 04 05 17 05 340  2.1 99.0 99.00 99.00 99.00 999 1020.3  12.5  12.6 999.0 99.0 99.00
2018 04 05 18 05 330  1.0 99.0 99.00 99.00 99.00 999 1020.4  12.9  12.8 999.0 99.0 99.00
2018 04 05 19 05 280  2.6 99.0 99.00 99.00 99.00 999 1021.0  13.3  12.8 999.0 99.0 99.00
2018 04 05 20 05 270  2.1 99.0 99.00 99.00 99.00 999 1019.5  12.9  13.4 999.0 99.0 99.00
2018 04 05 21 05 260  3.1 99.0 99.00 99.00 99.00 999 1018.9  13.1  13.1 999.0 99.0 99.00
2018 04 05 22 25 260  5.1 99.0 99.00 99.00 99.00 999 1018.7  13.4  13.2 999.0 99.0 99.00
2018 04 05 23 25 280  5.1 99.0 99.00 99.00 99.00 999 1018.6  13.2  13.1 999.0 99.0 99.00
2018 04 06 00 25 280  3.6 99.0 99.00 99.00 99.00 999 1018.7  13.2  13.0 999.0 99.0 99.00
2018 04 06 01 25 280  2.6 99.0 99.00 99.00 99.00 999 1018.7  13.2  12.9 999.0 99.0 99.00
2018 04 06 02 25   0  0.0 99.0 99.00 99.00 99.00 999 1018.3  13.1  12.9 999.0 99.0 99.00
2018 04 06 03 25 240  0.5 99.0 99.00 99.00 99.00 999 1018.4  13.2  13.0 999.0 99.0 99.00
2018 04 06 04 25 240  1.0 99.0 99.00 99.00 99.00 999 1018.5  12.8  12.9 999.0 99.0 99.00
2018 04 06 05 25  60  2.6 99.0 99.00 99.00 99.00 999 1018.3  13.0  13.0 999.0 99.0 99.00
2018 04 06 06 25  40  1.5 99.0 99.00 99.00 99.00 999 1017.9  13.3  12.9 999.0 99.0 99.00
2018 04 06 07 25  10  1.0 99.0 99.00 99.00 99.00 999 1017.5  13.4  13.0 999.0 99.0 99.00
2018 04 06 08 25  40  2.1 99.0 99.00 99.00 99.00 999 1016.9  13.3  12.9 999.0 99.0 99.00
2018 04 06 09 25 170  1.0 99.0 99.00 99.00 99.00 999 1016.7  13.4  12.8 999.0 99.0 99.00
2018 04 06 10 05   0  0.0 99.0 99.00 99.00 99.00 999 1016.5  13.2  12.9 999.0 99.0 99.00
2018 04 06 11 05 180  0.5 99.0 99.00 99.00 99.00 999 1016.2  13.2  12.9 999.0 99.0 99.00
2018 04 06 12 05  70  2.6 99.0 99.00 99.00 99.00 999 1016.6  12.7  12.9 999.0 99.0 99.00
2018 04 06 13 05  50  2.6 99.0 99.00 99.00 99.00 999 1016.9  12.7  12.9 999.0 99.0 99.00
2018 04 06 14 05  70  3.1 99.0 99.00 99.00 99.00 999 1016.5  12.8  12.9 999.0 99.0 99.00
2018 04 06 15 05  60  3.1 99.0 99.00 99.00 99.00 999 1016.8  13.0  12.9 999.0 99.0 99.00
2018 04 06 16 05  90  3.1 99.0 99.00 99.00 99.00 999 1016.6  13.3  12.9 999.0 99.0 99.00
2018 04 06 17 05 140  4.6 99.0 99.00 99.00 99.00 999 1016.3  13.9  12.9 999.0 99.0 99.00
2018 04 06 18 05 150  4.1 99.0 99.00 99.00 99.00 999 1016.1  14.0  12.8 999.0 99.0 99.00
2018 04 06 19 05 190  6.7 99.0 99.00 99.00 99.00 999 1015.3  13.8  12.8 999.0 99.0 99.00
2018 04 06 20 05 180  9.3 99.0 99.00 99.00 99.00 999 1014.7  13.8  12.9 999.0 99.0 99.00
2018 04 06 21 05 170  8.8 99.0 99.00 99.00 99.00 999 1014.1  13.8  12.9 999.0 99.0 99.00
2018 04 06 22 06 160  8.2 99.0 99.00 99.00 99.00 999 1014.0  14.2  12.9 999.0 99.0 99.00
2018 04 06 23 05 160  6.7 99.0 99.00 99.00 99.00 999 1014.1  14.0  12.9 999.0 99.0 99.00
2018 04 07 00 05 150  6.7 99.0 99.00 99.00 99.00 999 1013.9  13.8  12.9 999.0 99.0 99.00
2018 04 07 01 05 140  5.7 99.0 99.00 99.00 99.00 999 1013.9  14.0  12.8 999.0 99.0 99.00
2018 04 07 02 05 150  6.2 99.0 99.00 99.00 99.00 999 1014.0  14.0  12.8 999.0 99.0 99.00
2018 04 07 03 05 160  5.7 99.0 99.00 99.00 99.00 999 1013.9  13.9  12.8 999.0 99.0 99.00
2018 04 07 04 05 170  4.1 99.0 99.00 99.00 99.00 999 1014.3  13.9  12.8 999.0 99.0 99.00
2018 04 07 05 05 160  4.6 99.0 99.00 99.00 99.00 999 1014.7  13.7  12.8 999.0 99.0 99.00
2018 04 07 06 05 170  6.7 99.0 99.00 99.00 99.00 999 1014.0  13.9  12.7 999.0 99.0 99.00
2018 04 07 07 05 160  5.7 99.0 99.00 99.00 99.00 999 1013.9  13.9  12.7 999.0 99.0 99.00
2018 04 07 09 05 180 10.3 99.0 99.00 99.00 99.00 999 1013.0  14.1  12.8 999.0 99.0 99.00
2018 04 07 10 05 170  7.7 99.0 99.00 99.00 99.00 999 1012.8  14.1  12.8 999.0 99.0 99.00
2018 04 07 11 05 180  7.7 99.0 99.00 99.00 99.00 999 1012.4  14.2  12.8 999.0 99.0 99.00
2018 04 07 12 05 180  9.8 99.0 99.00 99.00 99.00 999 1012.7  14.0  12.8 999.0 99.0 99.00
2018 04 07 13 05 210  8.2 99.0 99.00 99.00 99.00 999 1013.5  14.1  12.8 999.0 99.0 99.00
2018 04 07 14 05 260  4.6 99.0 99.00 99.00 99.00 999 1014.7  13.4  12.8 999.0 99.0 99.00
2018 04 07 15 05 190  3.1 99.0 99.00 99.00 99.00 999 1015.4  13.2  12.8 999.0 99.0 99.00
2018 04 07 16 05 170  3.6 99.0 99.00 99.00 99.00 999 1015.7  13.1  12.9 999.0 99.0 99.00
2018 04 07 17 05 200  4.1 99.0 99.00 99.00 99.00 999 1016.8  13.3  13.0 999.0 99.0 99.00
2018 04 07 18 05 210  3.6 99.0 99.00 99.00 99.00 999 1018.3  13.6  13.1 999.0 99.0 99.00
2018 04 07 19 05 210  2.6 99.0 99.00 99.00 99.00 999 1018.7  14.0  13.2 999.0 99.0 99.00
2018 04 07 20 05 230  2.6 99.0 99.00 99.00 99.00 999 1019.0  14.4  13.3 999.0 99.0 99.00
2018 04 07 21 05 260  3.6 99.0 99.00 99.00 99.00 999 1018.2  14.5  13.6 999.0 99.0 99.00
2018 04 07 22 06 270  4.1 99.0 99.00 99.00 99.00 999 1018.5  14.4  13.9 999.0 99.0 99.00
2018 04 07 23 05 270  5.1 99.0 99.00 99.00 99.00 999 1018.5  14.4  14.0 999.0 99.0 99.00
2018 04 08 00 05 280  6.7 99.0 99.00 99.00 99.00 999 1018.5  14.4  13.6 999.0 99.0 99.00
2018 04 08 01 05 290  7.2 99.0 99.00 99.00 99.00 999 1018.4  14.1  13.4 999.0 99.0 99.00
2018 04 08 02 05 290  7.2 99.0 99.00 99.00 99.00 999 1018.5  14.0  13.3 999.0 99.0 99.00
2018 04 08 03 05 290  6.7 99.0 99.00 99.00 99.00 999 1018.7  13.8  13.2 999.0 99.0 99.00
2018 04 08 04 05 300  7.2 99.0 99.00 99.00 99.00 999 1019.3  13.7  13.2 999.0 99.0 99.00
2018 04 08 05 05 300  6.2 99.0 99.00 99.00 99.00 999 1020.2  13.6  13.1 999.0 99.0 99.00
2018 04 08 06 05 300  5.7 99.0 99.00 99.00 99.00 999 1020.7  13.4  13.1 999.0 99.0 99.00
2018 04 08 07 05 300  7.2 99.0 99.00 99.00 99.00 999 1020.5  13.6  13.1 999.0 99.0 99.00
2018 04 08 08 05 300  7.2 99.0 99.00 99.00 99.00 999 1020.6  13.6  13.1 999.0 99.0 99.00
2018 04 08 09 05 330  4.6 99.0 99.00 99.00 99.00 999 1021.0  13.4  13.1 999.0 99.0 99.00
2018 04 08 10 05 310  6.2 99.0 99.00 99.00 99.00 999 1020.8  13.2  13.1 999.0 99.0 99.00
2018 04 08 11 05 340  4.1 99.0 99.00 99.00 99.00 999 1021.0  12.6  13.3 999.0 99.0 99.00
2018 04 08 12 05 350  3.6 99.0 99.00 99.00 99.00 999 1020.9  12.5  13.1 999.0 99.0 99.00
2018 04 08 13 05 360  5.1 99.0 99.00 99.00 99.00 999 1021.4  12.6  13.1 999.0 99.0 99.00
2018 04 08 14 05  20  4.6 99.0 99.00 99.00 99.00 999 1021.5  12.5  13.1 999.0 99.0 99.00
2018 04 08 15 05 340  2.6 99.0 99.00 99.00 99.00 999 1022.0  12.4  13.0 999.0 99.0 99.00
2018 04 08 16 05 320  4.6 99.0 99.00 99.00 99.00 999 1022.3  12.9  13.0 999.0 99.0 99.00
2018 04 08 17 05 330  5.1 99.0 99.00 99.00 99.00 999 1022.2  13.3  13.1 999.0 99.0 99.00
2018 04 08 18 05 320  6.2 99.0 99.00 99.00 99.00 999 1022.4  13.4  13.2 999.0 99.0 99.00
2018 04 08 19 05 320  3.6 99.0 99.00 99.00 99.00 999 1022.8  13.7  13.4 999.0 99.0 99.00
2018 04 08 20 05 300  7.2 99.0 99.00 99.00 99.00 999 1022.1  13.6  13.4 999.0 99.0 99.00
2018 04 08 21 05 300  8.2 99.0 99.00 99.00 99.00 999 1021.7  13.7  13.3 999.0 99.0 99.00
2018 04 08 22 06 300  8.8 99.0 99.00 99.00 99.00 999 1021.0  13.6  13.3 999.0 99.0 99.00
2018 04 08 23 05 300 10.8 99.0 99.00 99.00 99.00 999 1020.3  13.8  13.4 999.0 99.0 99.00
2018 04 09 00 05 300 12.9 99.0 99.00 99.00 99.00 999 1020.0  13.6  13.4 999.0 99.0 99.00
2018 04 09 01 05 310 10.8 99.0 99.00 99.00 99.00 999 1019.5  13.5  13.2 999.0 99.0 99.00
2018 04 09 02 05 310 10.3 99.0 99.00 99.00 99.00 999 1019.1  13.5  13.3 999.0 99.0 99.00
2018 04 09 03 05 320  9.8 99.0 99.00 99.00 99.00 999 1018.8  13.2  13.3 999.0 99.0 99.00
2018 04 09 04 05 320  7.7 99.0 99.00 99.00 99.00 999 1019.3  13.1  13.2 999.0 99.0 99.00
2018 04 09 05 05 320  7.2 99.0 99.00 99.00 99.00 999 1020.1  13.1  13.4 999.0 99.0 99.00
2018 04 09 06 05 340  5.1 99.0 99.00 99.00 99.00 999 1019.9  13.0  13.4 999.0 99.0 99.00
2018 04 09 07 05 340  4.6 99.0 99.00 99.00 99.00 999 1019.9  13.1  13.3 999.0 99.0 99.00
2018 04 09 08 05 310  5.7 99.0 99.00 99.00 99.00 999 1020.0  12.8  13.2 999.0 99.0 99.00
2018 04 09 09 05 300  3.6 99.0 99.00 99.00 99.00 999 1020.0  12.6  13.3 999.0 99.0 99.00
2018 04 09 10 05 360  2.6 99.0 99.00 99.00 99.00 999 1019.2  12.6  13.3 999.0 99.0 99.00
2018 04 09 11 05  40  4.1 99.0 99.00 99.00 99.00 999 1018.8  12.6  13.3 999.0 99.0 99.00
2018 04 09 12 05  20  5.7 99.0 99.00 99.00 99.00 999 1018.5  12.6  13.3 999.0 99.0 99.00
2018 04 09 13 05  40  4.6 99.0 99.00 99.00 99.00 999 1018.0  12.3  13.2 999.0 99.0 99.00
2018 04 09 14 05  40  5.7 99.0 99.00 99.00 99.00 999 1018.1  12.4  13.2 999.0 99.0 99.00
2018 04 09 15 05  50  5.7 99.0 99.00 99.00 99.00 999 1017.9  12.4  13.2 999.0 99.0 99.00
2018 04 09 16 05  50  6.2 99.0 99.00 99.00 99.00 999 1018.0  12.8  13.2 999.0 99.0 99.00
2018 04 09 17 05  30  4.1 99.0 99.00 99.00 99.00 999 1018.1  13.5  13.2 999.0 99.0 99.00
2018 04 09 19 05  30  5.1 99.0 99.00 99.00 99.00 999 1017.3  16.7  13.4 999.0 99.0 99.00
2018 04 09 20 05 360  4.6 99.0 99.00 99.00 99.00 999 1016.3  14.6  13.6 999.0 99.0 99.00
2018 04 09 21 05 320  5.1 99.0 99.00 99.00 99.00 999 1016.0  14.6  13.8 999.0 99.0 99.00
2018 04 09 22 06 310  5.7 99.0 99.00 99.00 99.00 999 1015.0  14.3  13.8 999.0 99.0 99.00
2018 04 09 23 05 280  4.6 99.0 99.00 99.00 99.00 999 1014.6  14.9  13.9 999.0 99.0 99.00
2018 04 10 00 05 290  6.2 99.0 99.00 99.00 99.00 999 1014.4  14.2  14.0 999.0 99.0 99.00
2018 04 10 01 05 290  3.6 99.0 99.00 99.00 99.00 999 1014.3  14.1  14.1 999.0 99.0 99.00
2018 04 10 02 05 250  4.6 99.0 99.00 99.00 99.00 999 1014.9  14.0  14.1 999.0 99.0 99.00
2018 04 10 03 05 290  4.6 99.0 99.00 99.00 99.00 999 1015.4  14.2  14.1 999.0 99.0 99.00
2018 04 10 04 05 290  3.1 99.0 99.00 99.00 99.00 999 1015.8  14.2  14.1 999.0 99.0 99.00
2018 04 10 05 05 220  3.1 99.0 99.00 99.00 99.00 999 1016.4  14.3  14.2 999.0 99.0 99.00
2018 04 10 06 05 210  2.6 99.0 99.00 99.00 99.00 999 1016.4  14.4  14.2 999.0 99.0 99.00
2018 04 10 07 05 250  5.1 99.0 99.00 99.00 99.00 999 1016.6  14.1  14.2 999.0 99.0 99.00
2018 04 10 08 05 300  4.1 99.0 99.00 99.00 99.00 999 1016.8  13.8  14.2 999.0 99.0 99.00
2018 04 10 09 05 290  4.1 99.0 99.00 99.00 99.00 999 1017.0  13.8  14.1 999.0 99.0 99.00
2018 04 10 10 05 300  4.6 99.0 99.00 99.00 99.00 999 1017.4  13.5  14.1 999.0 99.0 99.00
2018 04 10 11 05 300  5.1 99.0 99.00 99.00 99.00 999 1017.4  13.4  14.0 999.0 99.0 99.00
2018 04 10 12 05 310  2.1 99.0 99.00 99.00 99.00 999 1017.2  13.7  14.0 999.0 99.0 99.00
2018 04 10 13 05 280  0.5 99.0 99.00 99.00 99.00 999 1017.6  13.6  14.0 999.0 99.0 99.00
2018 04 10 14 05 290  2.6 99.0 99.00 99.00 99.00 999 1018.0  13.3  14.0 999.0 99.0 99.00
2018 04 10 15 05 300  2.1 99.0 99.00 99.00 99.00 999 1018.3  13.3  14.1 999.0 99.0 99.00
2018 04 10 16 05 300  3.6 99.0 99.00 99.00 99.00 999 1018.8  13.2  14.1 999.0 99.0 99.00
2018 04 10 17 05 330  2.6 99.0 99.00 99.00 99.00 999 1019.2  13.2  14.1 999.0 99.0 99.00
2018 04 10 18 05 290  2.6 99.0 99.00 99.00 99.00 999 1019.4  13.3  14.3 999.0 99.0 99.00
2018 04 10 19 05 260  3.1 99.0 99.00 99.00 99.00 999 1019.3  13.7  14.4 999.0 99.0 99.00
2018 04 10 20 05 270  4.1 99.0 99.00 99.00 99.00 999 1018.8  14.1  14.3 999.0 99.0 99.00
2018 04 10 21 05 280  5.7 99.0 99.00 99.00 99.00 999 1018.6  13.9  14.1 999.0 99.0 99.00
2018 04 10 22 06 270  5.1 99.0 99.00 99.00 99.00 999 1018.2  13.8  14.1 999.0 99.0 99.00
2018 04 10 23 05 280  6.2 99.0 99.00 99.00 99.00 999 1018.1  13.6  14.0 999.0 99.0 99.00
2018 04 11 00 05 270  7.7 99.0 99.00 99.00 99.00 999 1017.9  13.7  14.0 999.0 99.0 99.00
2018 04 11 01 05 290  8.2 99.0 99.00 99.00 99.00 999 1017.9  13.5  14.0 999.0 99.0 99.00
2018 04 11 02 05 300  9.3 99.0 99.00 99.00 99.00 999 1018.3  13.3  13.9 999.0 99.0 99.00
2018 04 11 03 05 300  9.8 99.0 99.00 99.00 99.00 999 1018.4  13.2  13.8 999.0 99.0 99.00
2018 04 11 04 05 300  8.2 99.0 99.00 99.00 99.00 999 1018.8  13.0  13.7 999.0 99.0 99.00
2018 04 11 05 05 300  8.2 99.0 99.00 99.00 99.00 999 1018.9  12.8  13.5 999.0 99.0 99.00
2018 04 11 06 25 300  7.2 99.0 99.00 99.00 99.00 999 1018.9  12.7  13.4 999.0 99.0 99.00
2018 04 11 07 25 310  7.2 99.0 99.00 99.00 99.00 999 1019.1  12.8  13.3 999.0 99.0 99.00
2018 04 11 08 25 320  6.2 99.0 99.00 99.00 99.00 999 1018.5  12.6  13.2 999.0 99.0 99.00
2018 04 11 09 25 330  6.7 99.0 99.00 99.00 99.00 999 1018.1  12.4  13.1 999.0 99.0 99.00
2018 04 11 10 25 340  5.1 99.0 99.00 99.00 99.00 999 1018.0  12.0  13.1 999.0 99.0 99.00
2018 04 11 11 25 360  3.1 99.0 99.00 99.00 99.00 999 1017.0  12.3  13.1 999.0 99.0 99.00
2018 04 11 12 25 330  4.6 99.0 99.00 99.00 99.00 999 1016.8  11.8  13.1 999.0 99.0 99.00
2018 04 11 13 25 300  8.2 99.0 99.00 99.00 99.00 999 1017.4  12.1  13.0 999.0 99.0 99.00
2018 04 11 14 25 310  6.7 99.0 99.00 99.00 99.00 999 1018.1  12.0  12.9 999.0 99.0 99.00
2018 04 11 15 25 320  4.6 99.0 99.00 99.00 99.00 999 1018.7  12.0  12.9 999.0 99.0 99.00
2018 04 11 16 25 350  1.5 99.0 99.00 99.00 99.00 999 1018.2  12.0  12.9 999.0 99.0 99.00
2018 04 11 17 25 320  2.1 99.0 99.00 99.00 99.00 999 1017.9  12.3  13.0 999.0 99.0 99.00
2018 04 11 18 05  30  1.5 99.0 99.00 99.00 99.00 999 1017.4  12.4  13.2 999.0 99.0 99.00
2018 04 11 19 05 290  3.6 99.0 99.00 99.00 99.00 999 1017.0  12.7  13.4 999.0 99.0 99.00
2018 04 11 20 05 290  7.2 99.0 99.00 99.00 99.00 999 1017.5  12.7  13.3 999.0 99.0 99.00
2018 04 11 21 05 270  7.2 99.0 99.00 99.00 99.00 999 1017.8  12.8  13.2 999.0 99.0 99.00
2018 04 11 22 06 270  7.2 99.0 99.00 99.00 99.00 999 1018.4  12.9  13.2 999.0 99.0 99.00
2018 04 11 23 05 230  2.6 99.0 99.00 99.00 99.00 999 1017.8  13.0  13.3 999.0 99.0 99.00
2018 04 12 00 05 210  3.6 99.0 99.00 99.00 99.00 999 1016.9  13.3  13.4 999.0 99.0 99.00
2018 04 12 01 05 200  4.6 99.0 99.00 99.00 99.00 999 1016.2  13.2  13.3 999.0 99.0 99.00
2018 04 12 02 05 210  6.2 99.0 99.00 99.00 99.00 999 1016.2  13.3  13.3 999.0 99.0 99.00
2018 04 12 03 05 190  6.7 99.0 99.00 99.00 99.00 999 1015.6  12.9  13.2 999.0 99.0 99.00
2018 04 12 04 05 310  9.8 99.0 99.00 99.00 99.00 999 1016.7  10.8  13.0 999.0 99.0 99.00
2018 04 12 05 05 300  8.8 99.0 99.00 99.00 99.00 999 1017.5  11.6  12.8 999.0 99.0 99.00
2018 04 12 06 05 300  6.2 99.0 99.00 99.00 99.00 999 1018.3  11.9  12.7 999.0 99.0 99.00
2018 04 12 07 05 310  9.3 99.0 99.00 99.00 99.00 999 1018.6  12.1  12.4 999.0 99.0 99.00
2018 04 12 08 05 320  8.8 99.0 99.00 99.00 99.00 999 1019.2  12.1  12.3 999.0 99.0 99.00
2018 04 12 09 05 320  6.2 99.0 99.00 99.00 99.00 999 1020.3  11.6  12.3 999.0 99.0 99.00
2018 04 12 10 05 330  6.2 99.0 99.00 99.00 99.00 999 1020.4  11.2  12.4 999.0 99.0 99.00
2018 04 12 11 05 330  4.6 99.0 99.00 99.00 99.00 999 1020.9  11.0  12.5 999.0 99.0 99.00
2018 04 12 12 05 310  4.6 99.0 99.00 99.00 99.00 999 1021.5  11.2  12.7 999.0 99.0 99.00
2018 04 12 13 05 340  6.2 99.0 99.00 99.00 99.00 999 1022.0  11.2  12.7 999.0 99.0 99.00
2018 04 12 14 05 340  5.1 99.0 99.00 99.00 99.00 999 1023.1  10.8  12.7 999.0 99.0 99.00
2018 04 12 15 05 360  3.6 99.0 99.00 99.00 99.00 999 1024.0  11.0  12.7 999.0 99.0 99.00
2018 04 12 16 05 360  3.6 99.0 99.00 99.00 99.00 999 1024.7  11.0  12.7 999.0 99.0 99.00
2018 04 12 17 05 310  4.1 99.0 99.00 99.00 99.00 999 1025.3  11.1  12.8 999.0 99.0 99.00
2018 04 12 18 05 300  7.2 99.0 99.00 99.00 99.00 999 1025.6  11.7  12.8 999.0 99.0 99.00
2018 04 12 19 05 290  9.3 99.0 99.00 99.00 99.00 999 1026.1  11.9  12.8 999.0 99.0 99.00
2018 04 12 21 05 290  9.8 99.0 99.00 99.00 99.00 999 1026.4  12.1  12.8 999.0 99.0 99.00
2018 04 12 22 06 290  9.8 99.0 99.00 99.00 99.00 999 1025.9  12.2  12.9 999.0 99.0 99.00
2018 04 12 23 05 290 10.3 99.0 99.00 99.00 99.00 999 1025.7  12.2  12.8 999.0 99.0 99.00
2018 04 13 00 05 300 11.3 99.0 99.00 99.00 99.00 999 1025.9  12.0  12.4 999.0 99.0 99.00
2018 04 13 01 05 300 12.4 99.0 99.00 99.00 99.00 999 1025.6  12.0  12.0 999.0 99.0 99.00
2018 04 13 02 05 300 11.3 99.0 99.00 99.00 99.00 999 1026.2  12.0  11.9 999.0 99.0 99.00
2018 04 13 03 05 310 10.3 99.0 99.00 99.00 99.00 999 1026.7  11.8  12.0 999.0 99.0 99.00
2018 04 13 04 05 320  8.8 99.0 99.00 99.00 99.00 999 1027.3  11.8  11.9 999.0 99.0 99.00
2018 04 13 05 05 330  7.7 99.0 99.00 99.00 99.00 999 1027.8  11.5  11.9 999.0 99.0 99.00
2018 04 13 06 05 330  7.7 99.0 99.00 99.00 99.00 999 1027.9  11.4  11.8 999.0 99.0 99.00
2018 04 13 07 05 330  7.2 99.0 99.00 99.00 99.00 999 1028.0  11.4  11.9 999.0 99.0 99.00
2018 04 13 08 05 330  7.2 99.0 99.00 99.00 99.00 999 1028.0  11.4  11.8 999.0 99.0 99.00
2018 04 13 09 05 320  6.2 99.0 99.00 99.00 99.00 999 1028.2  11.4  11.9 999.0 99.0 99.00
2018 04 13 10 05 340  5.1 99.0 99.00 99.00 99.00 999 1027.5  11.4  12.2 999.0 99.0 99.00
2018 04 13 11 05 330  2.6 99.0 99.00 99.00 99.00 999 1027.6  11.0  12.1 999.0 99.0 99.00
2018 04 13 12 05 320  3.1 99.0 99.00 99.00 99.00 999 1027.8  10.8  12.1 999.0 99.0 99.00
2018 04 13 13 05  70  3.6 99.0 99.00 99.00 99.00 999 1027.7  11.2  12.2 999.0 99.0 99.00
2018 04 13 14 05  70  2.6 99.0 99.00 99.00 99.00 999 1027.9  11.2  12.1 999.0 99.0 99.00
2018 04 13 15 05 100  3.1 99.0 99.00 99.00 99.00 999 1028.5  10.6  12.2 999.0 99.0 99.00
2018 04 13 16 05  80  1.5 99.0 99.00 99.00 99.00 999 1029.0  11.1  12.2 999.0 99.0 99.00
2018 04 13 17 05 110  2.1 99.0 99.00 99.00 99.00 999 1029.5  11.7  12.4 999.0 99.0 99.00
2018 04 13 18 05 150  0.5 99.0 99.00 99.00 99.00 999 1029.7  11.5  12.5 999.0 99.0 99.00
2018 04 13 19 05 230  1.0 99.0 99.00 99.00 99.00 999 1029.7  11.8  13.4 999.0 99.0 99.00
2018 04 13 20 05 290  4.6 99.0 99.00 99.00 99.00 999 1029.4  12.5  12.9 999.0 99.0 99.00
2018 04 13 21 05 320  5.1 99.0 99.00 99.00 99.00 999 1029.0  12.6  12.8 999.0 99.0 99.00
2018 04 13 22 06 300  8.2 99.0 99.00 99.00 99.00 999 1028.2  12.6  12.7 999.0 99.0 99.00
2018 04 13 23 05 310  7.7 99.0 99.00 99.00 99.00 999 1027.5  12.7  12.0 999.0 99.0 99.00
2018 04 14 00 05 310  8.8 99.0 99.00 99.00 99.00 999 1026.9  12.9  12.1 999.0 99.0 99.00
2018 04 14 01 05 310  8.2 99.0 99.00 99.00 99.00 999 1026.5  13.1  11.9 999.0 99.0 99.00
2018 04 14 02 05 320  8.2 99.0 99.00 99.00 99.00 999 1026.3  13.0  11.9 999.0 99.0 99.00
2018 04 14 03 05 320  9.3 99.0 99.00 99.00 99.00 999 1026.3  12.6  11.7 999.0 99.0 99.00
2018 04 14 04 05 320  8.8 99.0 99.00 99.00 99.00 999 1026.7  12.3  11.6 999.0 99.0 99.00
2018 04 14 05 05 320  7.7 99.0 99.00 99.00 99.00 999 1027.1  12.1  11.6 999.0 99.0 99.00
2018 04 14 06 05 330  5.1 99.0 99.00 99.00 99.00 999 1027.4  11.9  11.6 999.0 99.0 99.00
2018 04 14 07 05 330  4.6 99.0 99.00 99.00 99.00 999 1027.3  11.8  11.7 999.0 99.0 99.00
2018 04 14 08 05 330  3.1 99.0 99.00 99.00 99.00 999 1027.2  11.7  11.7 999.0 99.0 99.00
2018 04 14 09 05 330  3.1 99.0 99.00 99.00 99.00 999 1027.3  11.5  11.8 999.0 99.0 99.00
2018 04 14 10 05 310  4.1 99.0 99.00 99.00 99.00 999 1026.6  11.5  11.8 999.0 99.0 99.00
2018 04 14 11 05 330  4.6 99.0 99.00 99.00 99.00 999 1026.6  11.3  11.8 999.0 99.0 99.00
2018 04 14 12 05 330  3.1 99.0 99.00 99.00 99.00 999 1026.2  11.4  11.7 999.0 99.0 99.00
2018 04 14 13 05 360  2.6 99.0 99.00 99.00 99.00 999 1025.9  11.5  11.6 999.0 99.0 99.00
2018 04 14 14 05  10  3.6 99.0 99.00 99.00 99.00 999 1026.0  11.4  11.5 999.0 99.0 99.00
2018 04 14 15 05  30  2.6 99.0 99.00 99.00 99.00 999 1026.3  11.4  11.4 999.0 99.0 99.00
2018 04 14 16 05  70  5.1 99.0 99.00 99.00 99.00 999 1025.7  11.5  11.3 999.0 99.0 99.00
2018 04 14 17 05 340  2.1 99.0 99.00 99.00 99.00 999 1026.0  12.1  11.4 999.0 99.0 99.00
2018 04 14 18 05 300  5.1 99.0 99.00 99.00 99.00 999 1025.7  11.9  11.5 999.0 99.0 99.00
2018 04 14 19 05 300  8.2 99.0 99.00 99.00 99.00 999 1025.0  11.9  11.6 999.0 99.0 99.00
2018 04 14 20 05 290  5.7 99.0 99.00 99.00 99.00 999 1024.0  12.1  11.7 999.0 99.0 99.00
2018 04 14 21 05 310  7.7 99.0 99.00 99.00 99.00 999 1023.3  12.2  11.7 999.0 99.0 99.00
2018 04 14 22 06 310  6.7 99.0 99.00 99.00 99.00 999 1022.6  12.4  11.8 999.0 99.0 99.00
2018 04 14 23 05 300  6.7 99.0 99.00 99.00 99.00 999 1021.7  12.4  11.7 999.0 99.0 99.00
2018 04 15 00 05 300  7.2 99.0 99.00 99.00 99.00 999 1021.0  12.5  11.7 999.0 99.0 99.00
2018 04 15 01 05 300  8.8 99.0 99.00 99.00 99.00 999 1020.2  12.6  11.6 999.0 99.0 99.00
2018 04 15 02 05 300  9.3 99.0 99.00 99.00 99.00 999 1019.7  12.7  11.5 999.0 99.0 99.00
2018 04 15 03 05 300  9.8 99.0 99.00 99.00 99.00 999 1019.3  12.5  11.4 999.0 99.0 99.00
2018 04 15 04 05 310  8.2 99.0 99.00 99.00 99.00 999 1019.9  12.6  11.4 999.0 99.0 99.00
2018 04 15 05 05 320  6.2 99.0 99.00 99.00 99.00 999 1020.1  12.5  11.4 999.0 99.0 99.00
2018 04 15 06 05 330  3.6 99.0 99.00 99.00 99.00 999 1019.9  12.2  11.4 999.0 99.0 99.00
2018 04 15 07 15 290  4.1 99.0 99.00 99.00 99.00 999 1019.5  12.0  11.3 999.0 99.0 99.00
2018 04 15 08 05 330  2.6 99.0 99.00 99.00 99.00 999 1019.1  12.0  11.3 999.0 99.0 99.00
2018 04 15 09 05 310  4.6 99.0 99.00 99.00 99.00 999 1018.8  11.5  11.3 999.0 99.0 99.00
2018 04 15 10 05 310  5.1 99.0 99.00 99.00 99.00 999 1018.4  11.5  11.3 999.0 99.0 99.00
2018 04 15 11 05 310  7.2 99.0 99.00 99.00 99.00 999 1017.9  11.6  11.3 999.0 99.0 99.00
2018 04 15 12 05 300  5.1 99.0 99.00 99.00 99.00 999 1017.3  11.5  11.3 999.0 99.0 99.00
2018 04 15 13 05 330  4.6 99.0 99.00 99.00 99.00 999 1016.8  11.5  11.3 999.0 99.0 99.00
2018 04 15 14 05 320  2.6 99.0 99.00 99.00 99.00 999 1016.7  11.3  11.3 999.0 99.0 99.00
2018 04 15 15 05 300  3.1 99.0 99.00 99.00 99.00 999 1016.8  11.5  11.3 999.0 99.0 99.00
2018 04 15 16 05 300  5.1 99.0 99.00 99.00 99.00 999 1017.2  11.5  11.3 999.0 99.0 99.00
2018 04 15 17 05 290  3.6 99.0 99.00 99.00 99.00 999 1017.4  11.6  11.3 999.0 99.0 99.00
2018 04 15 18 05 270  3.1 99.0 99.00 99.00 99.00 999 1017.1  12.1  11.5 999.0 99.0 99.00
2018 04 15 19 05 270  3.1 99.0 99.00 99.00 99.00 999 1016.8  12.2  11.7 999.0 99.0 99.00
2018 04 15 20 05 270  4.1 99.0 99.00 99.00 99.00 999 1016.2  12.3  11.8 999.0 99.0 99.00
2018 04 15 21 05 260  4.1 99.0 99.00 99.00 99.00 999 1015.7  12.4  11.8 999.0 99.0 99.00
2018 04 15 22 06 240  4.1 99.0 99.00 99.00 99.00 999 1015.1  12.9  11.8 999.0 99.0 99.00
2018 04 15 23 05 230  5.1 99.0 99.00 99.00 99.00 999 1014.8  12.9  11.8 999.0 99.0 99.00
2018 04 16 00 05 220  4.1 99.0 99.00 99.00 99.00 999 1014.3  12.8  11.8 999.0 99.0 99.00
2018 04 16 01 05 210  4.6 99.0 99.00 99.00 99.00 999 1014.4  12.4  11.8 999.0 99.0 99.00
2018 04 16 02 05 290  4.1 99.0 99.00 99.00 99.00 999 1013.9  11.3  11.8 999.0 99.0 99.00
2018 04 16 03 05 280  4.6 99.0 99.00 99.00 99.00 999 1013.8  10.7  11.8 999.0 99.0 99.00
2018 04 16 04 05 270  4.1 99.0 99.00 99.00 99.00 999 1014.5  11.4  11.7 999.0 99.0 99.00
2018 04 16 05 05 260  2.1 99.0 99.00 99.00 99.00 999 1015.2  12.5  11.7 999.0 99.0 99.00
2018 04 16 06 05 250  3.1 99.0 99.00 99.00 99.00 999 1015.5  11.9  11.6 999.0 99.0 99.00
2018 04 16 07 05 260  4.6 99.0 99.00 99.00 99.00 999 1015.4  11.7  11.5 999.0 99.0 99.00
2018 04 16 08 05 250  3.1 99.0 99.00 99.00 99.00 999 1015.3  11.6  11.5 999.0 99.0 99.00
2018 04 16 09 05 240  5.7 99.0 99.00 99.00 99.00 999 1014.5  11.5  11.5 999.0 99.0 99.00
2018 04 16 10 05 240  3.1 99.0 99.00 99.00 99.00 999 1014.8  11.3  11.5 999.0 99.0 99.00
2018 04 16 12 05 240  4.6 99.0 99.00 99.00 99.00 999 1015.7  11.1  11.4 999.0 99.0 99.00
2018 04 16 13 05 220  2.6 99.0 99.00 99.00 99.00 999 1015.6  11.5  11.3 999.0 99.0 99.00
2018 04 16 14 05 240  4.6 99.0 99.00 99.00 99.00 999 1015.1  11.2  11.1 999.0 99.0 99.00
2018 04 16 15 05 150  2.1 99.0 99.00 99.00 99.00 999 1015.2  11.2  11.0 999.0 99.0 99.00
2018 04 16 16 05 300  2.1 99.0 99.00 99.00 99.00 999 1016.7  10.5  11.1 999.0 99.0 99.00
2018 04 16 17 05 350  8.2 99.0 99.00 99.00 99.00 999 1016.0   9.5  11.1 999.0 99.0 99.00
2018 04 16 18 05 330  3.1 99.0 99.00 99.00 99.00 999 1018.1   9.3  11.1 999.0 99.0 99.00
2018 04 16 19 05 290  2.1 99.0 99.00 99.00 99.00 999 1018.7   9.4  11.5 999.0 99.0 99.00
2018 04 16 20 05 190  1.5 99.0 99.00 99.00 99.00 999 1018.9  10.2  11.9 999.0 99.0 99.00
2018 04 16 21 05 210  4.1 99.0 99.00 99.00 99.00 999 1018.8  10.9  12.1 999.0 99.0 99.00
2018 04 16 22 06 270  5.7 99.0 99.00 99.00 99.00 999 1017.9  10.1  11.7 999.0 99.0 99.00
2018 04 16 23 05 270  4.6 99.0 99.00 99.00 99.00 999 1017.9  11.0  11.8 999.0 99.0 99.00
2018 04 17 00 05 280  6.7 99.0 99.00 99.00 99.00 999 1018.1  11.3  11.8 999.0 99.0 99.00
2018 04 17 01 05 280  7.2 99.0 99.00 99.00 99.00 999 1018.7  11.1  11.8 999.0 99.0 99.00
2018 04 17 02 05 320  5.1 99.0 99.00 99.00 99.00 999 1020.1  10.4  11.6 999.0 99.0 99.00
2018 04 17 03 05 310  8.8 99.0 99.00 99.00 99.00 999 1019.8  10.8  11.6 999.0 99.0 99.00
2018 04 17 04 05 320  5.1 99.0 99.00 99.00 99.00 999 1020.8  10.7  11.6 999.0 99.0 99.00
2018 04 17 05 05 320  5.1 99.0 99.00 99.00 99.00 999 1021.7  10.7  11.6 999.0 99.0 99.00
2018 04 17 06 05 320  6.2 99.0 99.00 99.00 99.00 999 1022.2  10.9  11.5 999.0 99.0 99.00
2018 04 17 07 05 340  4.6 99.0 99.00 99.00 99.00 999 1022.5  10.7  11.5 999.0 99.0 99.00
2018 04 17 08 05 350  3.6 99.0 99.00 99.00 99.00 999 1023.2  10.6  11.4 999.0 99.0 99.00
2018 04 17 09 05 350  2.1 99.0 99.00 99.00 99.00 999 1023.6  10.4  11.4 999.0 99.0 99.00
2018 04 17 10 05 350  2.1 99.0 99.00 99.00 99.00 999 1023.7  10.4  11.4 999.0 99.0 99.00
2018 04 17 11 05 340  3.6 99.0 99.00 99.00 99.00 999 1023.9  10.5  11.4 999.0 99.0 99.00
2018 04 17 12 05 340  4.1 99.0 99.00 99.00 99.00 999 1023.9  10.4  11.4 999.0 99.0 99.00
2018 04 17 13 05 360  3.6 99.0 99.00 99.00 99.00 999 1024.2   9.4  11.4 999.0 99.0 99.00
2018 04 17 14 05 360  2.6 99.0 99.00 99.00 99.00 999 1024.9   9.4  11.4 999.0 99.0 99.00
2018 04 17 15 05  20  3.6 99.0 99.00 99.00 99.00 999 1025.4   9.4  11.4 999.0 99.0 99.00
2018 04 17 16 05  30  3.1 99.0 99.00 99.00 99.00 999 1025.8   9.5  11.5 999.0 99.0 99.00
2018 04 17 17 05  70  2.1 99.0 99.00 99.00 99.00 999 1026.4  10.2  11.6 999.0 99.0 99.00
2018 04 17 18 05   0  0.0 99.0 99.00 99.00 99.00 999 1027.0  11.0  11.9 999.0 99.0 99.00
2018 04 17 19 05 290  2.6 99.0 99.00 99.00 99.00 999 1026.9  10.7  12.3 999.0 99.0 99.00
2018 04 17 20 05 280  4.1 99.0 99.00 99.00 99.00 999 1026.3  11.0  11.9 999.0 99.0 99.00
2018 04 17 21 05 270  5.1 99.0 99.00 99.00 99.00 999 1026.0  11.4  11.8 999.0 99.0 99.00
2018 04 17 22 06 280  6.7 99.0 99.00 99.00 99.00 999 1025.6  11.5  11.7 999.0 99.0 99.00
2018 04 17 23 05 290  7.7 99.0 99.00 99.00 99.00 999 1024.6  11.5  11.6 999.0 99.0 99.00
2018 04 18 00 05 300  8.2 99.0 99.00 99.00 99.00 999 1023.7  11.7  11.7 999.0 99.0 99.00
2018 04 18 01 05 300  7.7 99.0 99.00 99.00 99.00 999 1023.0  11.7  11.6 999.0 99.0 99.00
2018 04 18 02 05 310  7.7 99.0 99.00 99.00 99.00 999 1022.5  11.7  11.6 999.0 99.0 99.00
2018 04 18 03 05 310  8.2 99.0 99.00 99.00 99.00 999 1021.7  11.8  11.5 999.0 99.0 99.00
2018 04 18 04 05 310  8.8 99.0 99.00 99.00 99.00 999 1021.7  11.5  11.5 999.0 99.0 99.00
2018 04 18 05 05 320  6.7 99.0 99.00 99.00 99.00 999 1021.8  11.6  11.4 999.0 99.0 99.00
2018 04 18 06 05 330  4.1 99.0 99.00 99.00 99.00 999 1021.8  11.5  11.5 999.0 99.0 99.00
2018 04 18 07 05 330  4.1 99.0 99.00 99.00 99.00 999 1021.2  11.4  11.5 999.0 99.0 99.00
2018 04 18 08 05 340  5.1 99.0 99.00 99.00 99.00 999 1020.7  11.1  11.3 999.0 99.0 99.00
2018 04 18 09 05 350  4.6 99.0 99.00 99.00 99.00 999 1020.5  11.3  11.3 999.0 99.0 99.00
2018 04 18 10 05  20  2.6 99.0 99.00 99.00 99.00 999 1020.1  11.2  11.4 999.0 99.0 99.00
2018 04 18 11 05 310  2.6 99.0 99.00 99.00 99.00 999 1019.8  10.8  11.4 999.0 99.0 99.00
2018 04 18 12 05 310  3.1 99.0 99.00 99.00 99.00 999 1019.5  10.8  11.5 999.0 99.0 99.00
2018 04 18 13 05  40  1.5 99.0 99.00 99.00 99.00 999 1019.3  11.0  11.5 999.0 99.0 99.00
2018 04 18 14 05 280  3.6 99.0 99.00 99.00 99.00 999 1019.6  10.7  11.4 999.0 99.0 99.00
2018 04 18 15 05  20  1.0 99.0 99.00 99.00 99.00 999 1019.7  10.9  11.4 999.0 99.0 99.00
2018 04 18 16 05 100  1.5 99.0 99.00 99.00 99.00 999 1019.8  10.7  11.3 999.0 99.0 99.00
2018 04 18 17 05 180  1.5 99.0 99.00 99.00 99.00 999 1020.0  10.9  11.3 999.0 99.0 99.00
2018 04 18 18 05 300  8.2 99.0 99.00 99.00 99.00 999 1020.1  11.1  11.4 999.0 99.0 99.00
2018 04 18 19 05 310  5.1 99.0 99.00 99.00 99.00 999 1019.5  11.3  11.4 999.0 99.0 99.00
2018 04 18 20 05 280  5.7 99.0 99.00 99.00 99.00 999 1019.2  11.3  11.5 999.0 99.0 99.00
2018 04 18 21 05 280  6.7 99.0 99.00 99.00 99.00 999 1018.8  11.5  11.5 999.0 99.0 99.00
2018 04 18 22 06 280  7.7 99.0 99.00 99.00 99.00 999 1018.1  11.4  11.4 999.0 99.0 99.00
2018 04 18 23 05 290  5.7 99.0 99.00 99.00 99.00 999 1017.9  11.5  11.3 999.0 99.0 99.00
2018 04 19 00 05 290  4.1 99.0 99.00 99.00 99.00 999 1017.4  11.5  11.2 999.0 99.0 99.00
2018 04 19 01 05 280  4.1 99.0 99.00 99.00 99.00 999 1017.1  11.6  11.2 999.0 99.0 99.00
2018 04 19 02 05 250  3.6 99.0 99.00 99.00 99.00 999 1016.7  11.5  11.2 999.0 99.0 99.00
2018 04 19 03 05 260  2.6 99.0 99.00 99.00 99.00 999 1016.4  11.4  11.2 999.0 99.0 99.00
2018 04 19 04 05 300  2.1 99.0 99.00 99.00 99.00 999 1016.5  11.4  11.2 999.0 99.0 99.00
2018 04 19 05 05 270  1.0 99.0 99.00 99.00 99.00 999 1016.7  11.4  11.2 999.0 99.0 99.00
2018 04 19 06 05 340  2.1 99.0 99.00 99.00 99.00 999 1016.7  11.1  11.3 999.0 99.0 99.00
2018 04 19 07 05 310  3.1 99.0 99.00 99.00 99.00 999 1016.8  11.2  11.4 999.0 99.0 99.00
2018 04 19 08 05 320  2.6 99.0 99.00 99.00 99.00 999 1016.9  11.1  11.4 999.0 99.0 99.00
2018 04 19 09 05 330  2.6 99.0 99.00 99.00 99.00 999 1017.1  11.1  11.6 999.0 99.0 99.00
2018 04 19 10 05 310  3.6 99.0 99.00 99.00 99.00 999 1016.9  11.0  11.6 999.0 99.0 99.00
2018 04 19 11 05 320  5.1 99.0 99.00 99.00 99.00 999 1017.0  10.9  11.8 999.0 99.0 99.00
2018 04 19 12 05 320  4.6 99.0 99.00 99.00 99.00 999 1017.5  10.9  11.7 999.0 99.0 99.00
2018 04 19 13 05 310  4.6 99.0 99.00 99.00 99.00 999 1018.1  10.7  11.8 999.0 99.0 99.00
2018 04 19 14 05 310  4.6 99.0 99.00 99.00 99.00 999 1018.5  10.7  11.6 999.0 99.0 99.00
2018 04 19 15 05 320  3.6 99.0 99.00 99.00 99.00 999 1019.3  10.6  11.6 999.0 99.0 99.00
2018 04 19 16 05 300  2.6 99.0 99.00 99.00 99.00 999 1019.5  10.9  11.5 999.0 99.0 99.00
2018 04 19 17 05 290  2.6 99.0 99.00 99.00 99.00 999 1020.0  11.1  11.5 999.0 99.0 99.00
2018 04 19 18 05 270  4.1 99.0 99.00 99.00 99.00 999 1020.5  11.5  11.6 999.0 99.0 99.00
2018 04 19 19 05 280  7.2 99.0 99.00 99.00 99.00 999 1020.3  11.7  11.3 999.0 99.0 99.00
2018 04 19 20 05 290 10.3 99.0 99.00 99.00 99.00 999 1019.7  11.8  11.2 999.0 99.0 99.00
2018 04 19 21 05 280  9.8 99.0 99.00 99.00 99.00 999 1019.7  11.9  11.2 999.0 99.0 99.00
2018 04 19 22 06 290  8.2 99.0 99.00 99.00 99.00 999 1019.8  12.0  11.1 999.0 99.0 99.00
2018 04 19 23 05 290  9.3 99.0 99.00 99.00 99.00 999 1019.6  11.9  11.1 999.0 99.0 99.00
2018 04 20 00 05 290 11.3 99.0 99.00 99.00 99.00 999 1018.8  11.9  11.1 999.0 99.0 99.00
2018 04 20 01 05 300 11.3 99.0 99.00 99.00 99.00 999 1018.8  11.9  11.1 999.0 99.0 99.00
2018 04 20 02 05 300 11.3 99.0 99.00 99.00 99.00 999 1018.7  11.8  11.1 999.0 99.0 99.00
2018 04 20 03 05 310  9.8 99.0 99.00 99.00 99.00 999 1019.2  11.6  11.1 999.0 99.0 99.00
2018 04 20 04 05 310  7.7 99.0 99.00 99.00 99.00 999 1019.9  11.6  11.1 999.0 99.0 99.00
2018 04 20 05 05 310  6.7 99.0 99.00 99.00 99.00 999 1020.7  11.4  11.1 999.0 99.0 99.00
2018 04 20 06 05 310  6.2 99.0 99.00 99.00 99.00 999 1020.9  11.4  11.1 999.0 99.0 99.00
2018 04 20 07 05 330  5.1 99.0 99.00 99.00 99.00 999 1020.9  11.3  11.1 999.0 99.0 99.00
2018 04 20 08 05 330  3.1 99.0 99.00 99.00 99.00 999 1020.8  11.1  11.1 999.0 99.0 99.00
2018 04 20 09 05 320  2.1 99.0 99.00 99.00 99.00 999 1021.0  11.0  11.3 999.0 99.0 99.00
2018 04 20 10 05 320  3.1 99.0 99.00 99.00 99.00 999 1020.7  10.6  11.6 999.0 99.0 99.00
2018 04 20 11 05 290  2.1 99.0 99.00 99.00 99.00 999 1021.3  10.8  11.8 999.0 99.0 99.00
2018 04 20 12 05 270  4.1 99.0 99.00 99.00 99.00 999 1021.3  10.8  11.9 999.0 99.0 99.00
2018 04 20 13 05   0  0.0 99.0 99.00 99.00 99.00 999 1021.6  10.6  11.9 999.0 99.0 99.00
2018 04 20 14 05 320  1.5 99.0 99.00 99.00 99.00 999 1022.1  10.2  11.9 999.0 99.0 99.00
2018 04 20 15 05 270  1.0 99.0 99.00 99.00 99.00 999 1022.8   9.9  11.8 999.0 99.0 99.00
2018 04 20 16 25 270  1.0 99.0 99.00 99.00 99.00 999 1023.1  10.0  11.8 999.0 99.0 99.00
2018 04 20 17 25 300  1.0 99.0 99.00 99.00 99.00 999 1023.0  10.3  11.9 999.0 99.0 99.00
2018 04 20 18 25 280  1.0 99.0 99.00 99.00 99.00 999 1022.9  10.4  11.9 999.0 99.0 99.00
2018 04 20 19 25 300  4.6 99.0 99.00 99.00 99.00 999 1022.7   9.9  12.1 999.0 99.0 99.00
2018 04 20 20 25 270  5.1 99.0 99.00 99.00 99.00 999 1022.3  11.3  11.9 999.0 99.0 99.00
2018 04 20 21 25 300  5.1 99.0 99.00 99.00 99.00 999 1022.0  11.6  11.4 999.0 99.0 99.00
2018 04 20 22 25 290  8.2 99.0 99.00 99.00 99.00 999 1021.2  11.7  11.3 999.0 99.0 99.00
2018 04 20 23 25 300  9.3 99.0 99.00 99.00 99.00 999 1020.5  11.7  11.2 999.0 99.0 99.00
2018 04 21 00 25 300  9.3 99.0 99.00 99.00 99.00 999 1020.2  11.6  11.2 999.0 99.0 99.00
2018 04 21 01 25 310  7.7 99.0 99.00 99.00 99.00 999 1020.2  11.4  11.2 999.0 99.0 99.00
2018 04 21 02 25 310  9.8 99.0 99.00 99.00 99.00 999 1020.4  11.3  11.2 999.0 99.0 99.00
2018 04 21 03 25 310  8.2 99.0 99.00 99.00 99.00 999 1021.1  11.4  11.2 999.0 99.0 99.00
2018 04 21 04 05 320  9.3 99.0 99.00 99.00 99.00 999 1021.4  11.4  11.2 999.0 99.0 99.00
2018 04 21 05 05 320  6.7 99.0 99.00 99.00 99.00 999 1022.3  11.3  11.2 999.0 99.0 99.00
2018 04 21 06 05 330  5.1 99.0 99.00 99.00 99.00 999 1022.4  11.4  11.2 999.0 99.0 99.00
2018 04 21 07 05 290  5.1 99.0 99.00 99.00 99.00 999 1022.2  11.3  11.2 999.0 99.0 99.00
2018 04 21 08 05 350  4.1 99.0 99.00 99.00 99.00 999 1022.1  11.3  11.3 999.0 99.0 99.00
2018 04 21 09 05  20  3.1 99.0 99.00 99.00 99.00 999 1021.7  11.0  11.3 999.0 99.0 99.00
2018 04 21 10 05 360  2.6 99.0 99.00 99.00 99.00 999 1021.2  10.7  11.5 999.0 99.0 99.00
2018 04 21 11 05 340  2.6 99.0 99.00 99.00 99.00 999 1020.7  10.8  11.6 999.0 99.0 99.00
2018 04 21 12 05 340  3.1 99.0 99.00 99.00 99.00 999 1020.3  10.5  11.6 999.0 99.0 99.00
2018 04 21 13 05  70  3.6 99.0 99.00 99.00 99.00 999 1020.1  10.9  11.6 999.0 99.0 99.00
2018 04 21 14 05  40  3.6 99.0 99.00 99.00 99.00 999 1020.5  10.1  11.5 999.0 99.0 99.00
2018 04 21 15 05  60  3.6 99.0 99.00 99.00 99.00 999 1020.9  10.0  11.6 999.0 99.0 99.00
2018 04 21 16 05  30  2.1 99.0 99.00 99.00 99.00 999 1020.9   9.9  11.6 999.0 99.0 99.00
2018 04 21 17 05  30  1.5 99.0 99.00 99.00 99.00 999 1020.8  10.1  11.7 999.0 99.0 99.00
2018 04 21 18 05 310  3.1 99.0 99.00 99.00 99.00 999 1020.4   9.9  11.8 999.0 99.0 99.00
2018 04 21 19 05 300  3.6 99.0 99.00 99.00 99.00 999 1020.0  10.3  12.0 999.0 99.0 99.00
2018 04 21 20 05 290  5.7 99.0 99.00 99.00 99.00 999 1019.3  11.4  12.0 999.0 99.0 99.00
2018 04 21 21 05 290  6.2 99.0 99.00 99.00 99.00 999 1018.7  11.9  11.9 999.0 99.0 99.00
2018 04 21 22 06 290  7.2 99.0 99.00 99.00 99.00 999 1018.0  12.1  11.7 999.0 99.0 99.00
2018 04 21 23 05 300  8.2 99.0 99.00 99.00 99.00 999 1017.1  12.3  11.6 999.0 99.0 99.00
2018 04 22 00 05 300  9.3 99.0 99.00 99.00 99.00 999 1016.7  12.4  11.4 999.0 99.0 99.00
2018 04 22 01 05 300  8.8 99.0 99.00 99.00 99.00 999 1016.3  12.1  11.1 999.0 99.0 99.00
2018 04 22 02 05 300  9.3 99.0 99.00 99.00 99.00 999 1015.9  12.0  11.0 999.0 99.0 99.00
2018 04 22 03 05 300  9.8 99.0 99.00 99.00 99.00 999 1016.0  12.0  11.0 999.0 99.0 99.00
2018 04 22 04 05 320  8.8 99.0 99.00 99.00 99.00 999 1016.3  11.7  10.9 999.0 99.0 99.00
2018 04 22 05 05 330  7.2 99.0 99.00 99.00 99.00 999 1016.9  11.8  10.9 999.0 99.0 99.00
2018 04 22 06 05 310  6.2 99.0 99.00 99.00 99.00 999 1017.1  11.3  10.9 999.0 99.0 99.00
2018 04 22 07 05 320  5.1 99.0 99.00 99.00 99.00 999 1017.0  11.3  10.9 999.0 99.0 99.00
2018 04 22 08 05 310  4.6 99.0 99.00 99.00 99.00 999 1016.7  11.2  10.9 999.0 99.0 99.00
2018 04 22 09 05 320  5.7 99.0 99.00 99.00 99.00 999 1016.3  11.1  10.9 999.0 99.0 99.00
2018 04 22 10 05 310  6.2 99.0 99.00 99.00 99.00 999 1016.0  11.1  10.9 999.0 99.0 99.00
2018 04 22 11 05 310  4.6 99.0 99.00 99.00 99.00 999 1015.8  10.9  10.9 999.0 99.0 99.00
2018 04 22 12 05 360  1.5 99.0 99.00 99.00 99.00 999 1015.6  11.1  10.9 999.0 99.0 99.00
2018 04 22 13 05 320  4.6 99.0 99.00 99.00 99.00 999 1015.6  11.0  11.0 999.0 99.0 99.00
2018 04 22 14 05 350  4.1 99.0 99.00 99.00 99.00 999 1015.8  10.5  11.0 999.0 99.0 99.00
2018 04 22 15 05 300  3.1 99.0 99.00 99.00 99.00 999 1016.6  10.0  11.0 999.0 99.0 99.00
2018 04 22 16 05 310  5.7 99.0 99.00 99.00 99.00 999 1016.8   9.6  11.1 999.0 99.0 99.00
2018 04 22 17 05 310  4.1 99.0 99.00 99.00 99.00 999 1016.9  10.2  11.1 999.0 99.0 99.00
2018 04 22 18 05 300  3.1 99.0 99.00 99.00 99.00 999 1016.8  10.7  11.3 999.0 99.0 99.00
2018 04 22 19 05 290  4.6 99.0 99.00 99.00 99.00 999 1016.4  11.1  11.5 999.0 99.0 99.00
2018 04 22 20 05 280  4.6 99.0 99.00 99.00 99.00 999 1014.7  11.5  11.6 999.0 99.0 99.00
2018 04 22 21 05 280  6.2 99.0 99.00 99.00 99.00 999 1014.4  11.7  11.6 999.0 99.0 99.00
2018 04 22 22 06 280  5.1 99.0 99.00 99.00 99.00 999 1014.0  11.9  11.6 999.0 99.0 99.00
2018 04 22 23 05 260  3.6 99.0 99.00 99.00 99.00 999 1013.5  12.3  11.6 999.0 99.0 99.00
2018 04 23 00 25 270  5.7 99.0 99.00 99.00 99.00 999 1013.2  12.2  11.5 999.0 99.0 99.00
2018 04 23 01 25 260  2.6 99.0 99.00 99.00 99.00 999 1013.2  12.2  11.4 999.0 99.0 99.00
2018 04 23 02 25 280  3.6 99.0 99.00 99.00 99.00 999 1013.1  12.1  11.4 999.0 99.0 99.00
2018 04 23 03 25 270  5.1 99.0 99.00 99.00 99.00 999 1013.3  11.9  11.3 999.0 99.0 99.00
2018 04 23 04 25 300  6.7 99.0 99.00 99.00 99.00 999 1013.6  11.8  11.3 999.0 99.0 99.00
2018 04 23 05 25 310  5.7 99.0 99.00 99.00 99.00 999 1014.1  12.0  11.3 999.0 99.0 99.00
2018 04 23 06 25 300  5.7 99.0 99.00 99.00 99.00 999 1014.3  11.7  11.2 999.0 99.0 99.00
2018 04 23 07 25 330  3.6 99.0 99.00 99.00 99.00 999 1014.3  11.7  11.2 999.0 99.0 99.00
2018 04 23 08 25 300  3.1 99.0 99.00 99.00 99.00 999 1014.4  11.5  11.2 999.0 99.0 99.00
2018 04 23 09 25 330  1.5 99.0 99.00 99.00 99.00 999 1014.3  11.5  11.2 999.0 99.0 99.00
2018 04 23 10 25 280  1.0 99.0 99.00 99.00 99.00 999 1014.1  11.5  11.2 999.0 99.0 99.00
2018 04 23 11 25 250  1.0 99.0 99.00 99.00 99.00 999 1014.4  10.9  11.3 999.0 99.0 99.00
2018 04 23 12 05 300  2.6 99.0 99.00 99.00 99.00 999 1014.6  11.1  11.3 999.0 99.0 99.00
2018 04 23 13 05  70  1.5 99.0 99.00 99.00 99.00 999 1015.0  11.1  11.3 999.0 99.0 99.00
2018 04 23 14 05   0  0.0 99.0 99.00 99.00 99.00 999 1015.7  10.6  11.3 999.0 99.0 99.00
2018 04 23 15 05   0  0.0 99.0 99.00 99.00 99.00 999 1016.2  10.7  11.3 999.0 99.0 99.00
2018 04 23 16 05  60  1.5 99.0 99.00 99.00 99.00 999 1016.2  10.5  11.3 999.0 99.0 99.00
2018 04 23 17 05 360  0.5 99.0 99.00 99.00 99.00 999 1016.6  10.6  11.4 999.0 99.0 99.00
2018 04 23 18 05 230  3.1 99.0 99.00 99.00 99.00 999 1017.2  10.4  11.5 999.0 99.0 99.00
2018 04 23 19 05 250  3.1 99.0 99.00 99.00 99.00 999 1017.4  10.5  11.9 999.0 99.0 99.00
2018 04 23 20 05 250  4.6 99.0 99.00 99.00 99.00 999 1017.3  10.9  12.0 999.0 99.0 99.00
2018 04 23 21 05 250  4.6 99.0 99.00 99.00 99.00 999 1016.9  11.4  11.7 999.0 99.0 99.00
2018 04 23 22 06 240  3.6 99.0 99.00 99.00 99.00 999 1016.8  11.5  12.0 999.0 99.0 99.00
2018 04 23 23 05 250  3.6 99.0 99.00 99.00 99.00 999 1016.2  11.9  12.3 999.0 99.0 99.00
2018 04 24 00 05 270  4.1 99.0 99.00 99.00 99.00 999 1015.8  11.8  12.2 999.0 99.0 99.00
2018 04 24 01 05 250  4.6 99.0 99.00 99.00 99.00 999 1015.7  11.6  11.8 999.0 99.0 99.00
2018 04 24 02 05 260  3.1 99.0 99.00 99.00 99.00 999 1015.8  11.4  11.9 999.0 99.0 99.00
2018 04 24 03 05 270  4.1 99.0 99.00 99.00 99.00 999 1016.2  11.5  11.8 999.0 99.0 99.00
2018 04 24 04 05 280  4.6 99.0 99.00 99.00 99.00 999 1016.8  11.7  11.6 999.0 99.0 99.00
2018 04 24 05 05 300  2.6 99.0 99.00 99.00 99.00 999 1017.2  11.5  11.5 999.0 99.0 99.00
2018 04 24 06 05 310  2.6 99.0 99.00 99.00 99.00 999 1017.2  11.5  11.5 999.0 99.0 99.00
2018 04 24 07 05 310  2.6 99.0 99.00 99.00 99.00 999 1017.2  11.3  11.4 999.0 99.0 99.00
2018 04 24 08 05 310  2.6 99.0 99.00 99.00 99.00 999 1017.1  11.3  11.6 999.0 99.0 99.00
2018 04 24 09 05   0  0.0 99.0 99.00 99.00 99.00 999 1016.5  11.0  11.9 999.0 99.0 99.00
2018 04 24 10 05   0  0.0 99.0 99.00 99.00 99.00 999 1016.1  10.9  11.9 999.0 99.0 99.00
2018 04 24 11 05  50  1.5 99.0 99.00 99.00 99.00 999 1015.9  10.8  11.9 999.0 99.0 99.00
2018 04 24 12 05  20  3.1 99.0 99.00 99.00 99.00 999 1015.5  10.6  11.9 999.0 99.0 99.00
2018 04 24 13 05  60  1.5 99.0 99.00 99.00 99.00 999 1015.4  10.2  11.9 999.0 99.0 99.00
2018 04 24 14 05 120  1.0 99.0 99.00 99.00 99.00 999 1016.1  10.0  12.0 999.0 99.0 99.00
2018 04 24 15 05   0  0.0 99.0 99.00 99.00 99.00 999 1016.9   9.9  12.1 999.0 99.0 99.00
2018 04 24 16 05  40  1.5 99.0 99.00 99.00 99.00 999 1016.8  10.1  12.2 999.0 99.0 99.00
2018 04 24 17 05 220  1.0 99.0 99.00 99.00 99.00 999 1017.2  10.3  12.2 999.0 99.0 99.00
2018 04 24 18 05 240  1.5 99.0 99.00 99.00 99.00 999 1018.0  10.3  12.3 999.0 99.0 99.00
2018 04 24 19 05 260  3.6 99.0 99.00 99.00 99.00 999 1018.1  10.5  12.4 999.0 99.0 99.00
2018 04 24 20 05 240  4.1 99.0 99.00 99.00 99.00 999 1017.8  11.0  12.5 999.0 99.0 99.00
2018 04 24 21 05 250  3.6 99.0 99.00 99.00 99.00 999 1017.4  11.4  12.8 999.0 99.0 99.00
2018 04 24 22 06 240  3.6 99.0 99.00 99.00 99.00 999 1017.3  11.6  12.8 999.0 99.0 99.00
2018 04 24 23 05 250  3.6 99.0 99.00 99.00 99.00 999 1017.0  11.7  12.8 999.0 99.0 99.00
2018 04 25 00 05 260  5.1 99.0 99.00 99.00 99.00 999 1016.9  12.2  12.8 999.0 99.0 99.00
2018 04 25 01 05 260  3.6 99.0 99.00 99.00 99.00 999 1016.7  12.1  12.7 999.0 99.0 99.00
2018 04 25 02 05 260  3.1 99.0 99.00 99.00 99.00 999 1016.6  12.1  12.7 999.0 99.0 99.00
2018 04 25 03 05 270  2.1 99.0 99.00 99.00 99.00 999 1016.7  11.8  12.5 999.0 99.0 99.00
2018 04 25 04 05 240  2.1 99.0 99.00 99.00 99.00 999 1016.9  11.6  12.4 999.0 99.0 99.00
2018 04 25 05 05 290  2.1 99.0 99.00 99.00 99.00 999 1017.3  11.6  12.2 999.0 99.0 99.00
2018 04 25 06 05 280  2.1 99.0 99.00 99.00 99.00 999 1017.4  11.5  12.0 999.0 99.0 99.00
2018 04 25 07 05 280  2.6 99.0 99.00 99.00 99.00 999 1017.3  11.5  12.1 999.0 99.0 99.00
2018 04 25 08 05 310  3.1 99.0 99.00 99.00 99.00 999 1017.6  11.5  12.2 999.0 99.0 99.00
2018 04 25 09 05 320  3.6 99.0 99.00 99.00 99.00 999 1017.5  11.4  12.3 999.0 99.0 99.00
2018 04 25 10 05 320  3.1 99.0 99.00 99.00 99.00 999 1017.2  11.2  12.3 999.0 99.0 99.00
2018 04 25 11 05 240  2.1 99.0 99.00 99.00 99.00 999 1017.2  11.2  12.3 999.0 99.0 99.00
2018 04 25 12 05 180  1.0 99.0 99.00 99.00 99.00 999 1017.4  11.1  12.4 999.0 99.0 99.00
2018 04 25 13 05 230  1.0 99.0 99.00 99.00 99.00 999 1017.7  10.7  12.4 999.0 99.0 99.00
2018 04 25 14 05 330  2.1 99.0 99.00 99.00 99.00 999 1018.1  10.7  12.5 999.0 99.0 99.00
2018 04 25 15 05  50  1.0 99.0 99.00 99.00 99.00 999 1018.4  10.7  12.5 999.0 99.0 99.00
2018 04 25 16 05 110  0.5 99.0 99.00 99.00 99.00 999 1018.6  10.9  12.5 999.0 99.0 99.00
2018 04 25 17 05 300  1.5 99.0 99.00 99.00 99.00 999 1019.0  10.9  12.5 999.0 99.0 99.00
2018 04 25 18 05 270  2.1 99.0 99.00 99.00 99.00 999 1019.6  11.1  12.6 999.0 99.0 99.00
2018 04 25 19 05 270  3.1 99.0 99.00 99.00 99.00 999 1019.7  11.4  12.7 999.0 99.0 99.00
2018 04 25 20 05 230  3.6 99.0 99.00 99.00 99.00 999 1019.3  11.7  12.6 999.0 99.0 99.00
2018 04 25 21 05 250  3.6 99.0 99.00 99.00 99.00 999 1019.2  11.8  13.0 999.0 99.0 99.00
2018 04 25 22 06 240  4.1 99.0 99.00 99.00 99.00 999 1019.1  12.2  13.1 999.0 99.0 99.00
2018 04 25 23 05 250  3.6 99.0 99.00 99.00 99.00 999 1018.5  12.2  13.1 999.0 99.0 99.00
2018 04 26 00 05 250  3.6 99.0 99.00 99.00 99.00 999 1018.3  12.4  13.1 999.0 99.0 99.00
2018 04 26 01 05 260  3.6 99.0 99.00 99.00 99.00 999 1017.9  12.3  12.7 999.0 99.0 99.00
2018 04 26 02 05 260  3.1 99.0 99.00 99.00 99.00 999 1017.6  12.4  12.5 999.0 99.0 99.00
2018 04 26 03 05 260  3.6 99.0 99.00 99.00 99.00 999 1017.9  12.1  12.3 999.0 99.0 99.00
2018 04 26 04 05 270  3.1 99.0 99.00 99.00 99.00 999 1018.2  12.0  12.1 999.0 99.0 99.00
2018 04 26 05 05 300  3.1 99.0 99.00 99.00 99.00 999 1018.4  11.8  11.9 999.0 99.0 99.00
2018 04 26 06 25 310  2.1 99.0 99.00 99.00 99.00 999 1018.2  11.8  11.9 999.0 99.0 99.00
2018 04 26 07 25 260  1.5 99.0 99.00 99.00 99.00 999 1018.2  11.8  11.9 999.0 99.0 99.00
2018 04 26 08 25 260  2.1 99.0 99.00 99.00 99.00 999 1018.2  11.8  11.9 999.0 99.0 99.00
2018 04 26 09 25 290  2.6 99.0 99.00 99.00 99.00 999 1017.8  11.8  11.8 999.0 99.0 99.00
2018 04 26 10 25 290  2.6 99.0 99.00 99.00 99.00 999 1017.3  11.6  11.8 999.0 99.0 99.00
2018 04 26 11 25 310  2.1 99.0 99.00 99.00 99.00 999 1017.3  11.6  11.8 999.0 99.0 99.00
2018 04 26 12 25 300  3.6 99.0 99.00 99.00 99.00 999 1017.0  11.5  11.8 999.0 99.0 99.00
2018 04 26 13 25 290  4.1 99.0 99.00 99.00 99.00 999 1016.9  11.3  11.8 999.0 99.0 99.00
2018 04 26 14 25 300  2.1 99.0 99.00 99.00 99.00 999 1017.5  11.2  11.8 999.0 99.0 99.00
2018 04 26 15 25 260  2.1 99.0 99.00 99.00 99.00 999 1017.8  11.3  11.8 999.0 99.0 99.00
2018 04 26 16 25 270  3.1 99.0 99.00 99.00 99.00 999 1018.0  11.2  11.8 999.0 99.0 99.00
2018 04 26 17 25 330  1.5 99.0 99.00 99.00 99.00 999 1018.0  11.2  11.8 999.0 99.0 99.00
2018 04 26 18 05 260  2.1 99.0 99.00 99.00 99.00 999 1018.5  11.4  11.8 999.0 99.0 99.00
2018 04 26 19 05 280  5.1 99.0 99.00 99.00 99.00 999 1018.2  11.3  11.9 999.0 99.0 99.00
2018 04 26 20 05 270  3.6 99.0 99.00 99.00 99.00 999 1017.5  11.4  12.1 999.0 99.0 99.00
2018 04 26 21 05 270  4.6 99.0 99.00 99.00 99.00 999 1017.1  11.8  12.2 999.0 99.0 99.00
2018 04 26 22 06 270  5.7 99.0 99.00 99.00 99.00 999 1016.9  12.0  12.2 999.0 99.0 99.00
2018 04 26 23 05 270  5.7 99.0 99.00 99.00 99.00 999 1016.5  12.1  12.1 999.0 99.0 99.00
2018 04 27 00 05 260  5.7 99.0 99.00 99.00 99.00 999 1016.2  12.4  12.6 999.0 99.0 99.00
2018 04 27 01 05 260  4.6 99.0 99.00 99.00 99.00 999 1016.0  12.3  12.0 999.0 99.0 99.00
2018 04 27 02 05 260  4.6 99.0 99.00 99.00 99.00 999 1016.1  12.2  12.0 999.0 99.0 99.00
2018 04 27 03 05 260  4.1 99.0 99.00 99.00 99.00 999 1016.3  12.2  12.1 999.0 99.0 99.00
2018 04 27 04 05 270  4.1 99.0 99.00 99.00 99.00 999 1017.0  12.3  12.0 999.0 99.0 99.00
2018 04 27 05 05 290  3.1 99.0 99.00 99.00 99.00 999 1017.6  12.5  11.9 999.0 99.0 99.00
2018 04 27 06 05 290  3.6 99.0 99.00 99.00 99.00 999 1017.9  12.4  12.5 999.0 99.0 99.00
2018 04 27 07 05 270  1.5 99.0 99.00 99.00 99.00 999 1018.1  12.4  12.6 999.0 99.0 99.00
2018 04 27 08 05 220  1.0 99.0 99.00 99.00 99.00 999 1018.2  12.3  12.6 999.0 99.0 99.00
2018 04 27 09 05 180  1.5 99.0 99.00 99.00 99.00 999 1018.3  12.3  12.6 999.0 99.0 99.00
2018 04 27 10 05 150  2.1 99.0 99.00 99.00 99.00 999 1018.0  12.2  12.5 999.0 99.0 99.00
2018 04 27 11 05 190  1.5 99.0 99.00 99.00 99.00 999 1018.2  12.2  12.4 999.0 99.0 99.00
2018 04 27 12 05 110  0.5 99.0 99.00 99.00 99.00 999 1018.5  12.0  12.5 999.0 99.0 99.00
2018 04 27 13 05  70  1.5 99.0 99.00 99.00 99.00 999 1018.6  12.2  12.4 999.0 99.0 99.00
2018 04 27 14 05 110  1.5 99.0 99.00 99.00 99.00 999 1019.3  12.4  12.4 999.0 99.0 99.00
2018 04 27 15 05 120  1.5 99.0 99.00 99.00 99.00 999 1019.9  12.6  12.3 999.0 99.0 99.00
2018 04 27 16 05   0  0.0 99.0 99.00 99.00 99.00 999 1020.2  13.2  12.3 999.0 99.0 99.00
2018 04 27 17 05   0  0.0 99.0 99.00 99.00 99.00 999 1020.5  14.1  12.4 999.0 99.0 99.00
2018 04 27 18 05 240  1.0 99.0 99.00 99.00 99.00 999 1020.9  13.4  12.6 999.0 99.0 99.00
2018 04 27 19 05 260  1.5 99.0 99.00 99.00 99.00 999 1021.0  13.6  12.8 999.0 99.0 99.00
2018 04 27 20 05 230  3.6 99.0 99.00 99.00 99.00 999 1020.6  13.7  13.3 999.0 99.0 99.00
2018 04 27 21 05 240  4.6 99.0 99.00 99.00 99.00 999 1020.4  13.8  13.1 999.0 99.0 99.00
2018 04 27 22 06 240  5.1 99.0 99.00 99.00 99.00 999 1020.2  13.8  13.4 999.0 99.0 99.00
2018 04 27 23 05 260  5.7 99.0 99.00 99.00 99.00 999 1019.9  14.0  13.4 999.0 99.0 99.00
2018 04 28 00 05 280  4.1 99.0 99.00 99.00 99.00 999 1019.5  13.8  13.2 999.0 99.0 99.00
2018 04 28 01 05 280  4.1 99.0 99.00 99.00 99.00 999 1019.4  13.6  13.1 999.0 99.0 99.00
2018 04 28 02 05 280  3.1 99.0 99.00 99.00 99.00 999 1019.2  13.5  13.0 999.0 99.0 99.00
2018 04 28 03 05 290  5.1 99.0 99.00 99.00 99.00 999 1018.8  13.3  13.0 999.0 99.0 99.00
2018 04 28 04 05 300  3.6 99.0 99.00 99.00 99.00 999 1019.3  13.1  12.8 999.0 99.0 99.00
2018 04 28 05 05 310  4.1 99.0 99.00 99.00 99.00 999 1019.5  13.0  12.9 999.0 99.0 99.00
2018 04 28 06 05 320  3.1 99.0 99.00 99.00 99.00 999 1019.5  13.0  13.0 999.0 99.0 99.00
2018 04 28 07 05 310  2.1 99.0 99.00 99.00 99.00 999 1019.2  12.9  13.0 999.0 99.0 99.00
2018 04 28 08 05 290  4.1 99.0 99.00 99.00 99.00 999 1019.1  12.9  13.0 999.0 99.0 99.00
2018 04 28 09 05 330  3.1 99.0 99.00 99.00 99.00 999 1019.2  12.9  13.1 999.0 99.0 99.00
2018 04 28 10 05 320  3.1 99.0 99.00 99.00 99.00 999 1018.8  12.8  13.1 999.0 99.0 99.00
2018 04 28 11 05 320  2.6 99.0 99.00 99.00 99.00 999 1018.8  12.8  13.0 999.0 99.0 99.00
2018 04 28 12 05  30  2.6 99.0 99.00 99.00 99.00 999 1018.6  12.2  13.0 999.0 99.0 99.00
2018 04 28 13 05  30  2.1 99.0 99.00 99.00 99.00 999 1018.3  12.0  13.0 999.0 99.0 99.00
2018 04 28 14 25 360  2.1 99.0 99.00 99.00 99.00 999 1018.8  12.1  13.0 999.0 99.0 99.00
2018 04 28 15 25  60  2.1 99.0 99.00 99.00 99.00 999 1019.0  12.0  13.0 999.0 99.0 99.00
2018 04 28 16 25  60  1.5 99.0 99.00 99.00 99.00 999 1019.2  12.4  13.3 999.0 99.0 99.00
2018 04 28 17 25 220  1.0 99.0 99.00 99.00 99.00 999 1019.6  12.7  13.1 999.0 99.0 99.00
2018 04 28 18 25 200  3.1 99.0 99.00 99.00 99.00 999 1019.5  13.0  13.2 999.0 99.0 99.00
2018 04 28 19 25 240  4.6 99.0 99.00 99.00 99.00 999 1019.6  13.4  13.3 999.0 99.0 99.00
2018 04 28 20 25 250  3.6 99.0 99.00 99.00 99.00 999 1019.4  13.6  13.3 999.0 99.0 99.00
2018 04 28 21 25 250  4.6 99.0 99.00 99.00 99.00 999 1019.1  13.6  13.5 999.0 99.0 99.00
2018 04 28 22 25 250  4.6 99.0 99.00 99.00 99.00 999 1018.5  13.7  13.5 999.0 99.0 99.00
2018 04 28 23 25 270  6.2 99.0 99.00 99.00 99.00 999 1017.7  13.7  13.4 999.0 99.0 99.00
2018 04 29 00 25 260  7.2 99.0 99.00 99.00 99.00 999 1017.2  13.6  13.1 999.0 99.0 99.00
2018 04 29 01 25 280  7.2 99.0 99.00 99.00 99.00 999 1017.4  13.6  12.8 999.0 99.0 99.00
2018 04 29 02 05 290  6.7 99.0 99.00 99.00 99.00 999 1017.4  13.3  12.7 999.0 99.0 99.00
2018 04 29 03 05 290  6.2 99.0 99.00 99.00 99.00 999 1017.7  13.1  12.9 999.0 99.0 99.00
2018 04 29 04 05 310  4.6 99.0 99.00 99.00 99.00 999 1018.2  13.0  12.8 999.0 99.0 99.00
2018 04 29 05 05 300  4.6 99.0 99.00 99.00 99.00 999 1018.5  12.9  12.8 999.0 99.0 99.00
2018 04 29 06 05 300  4.6 99.0 99.00 99.00 99.00 999 1018.8  13.0  13.0 999.0 99.0 99.00
2018 04 29 07 05 310  5.1 99.0 99.00 99.00 99.00 999 1018.9  12.7  13.0 999.0 99.0 99.00
2018 04 29 08 05 310  4.6 99.0 99.00 99.00 99.00 999 1018.7  12.6  13.1 999.0 99.0 99.00
2018 04 29 09 05 300  5.1 99.0 99.00 99.00 99.00 999 1018.4  12.6  13.2 999.0 99.0 99.00
2018 04 29 10 05 300  5.7 99.0 99.00 99.00 99.00 999 1018.5  12.4  13.2 999.0 99.0 99.00
2018 04 29 11 05 320  4.6 99.0 99.00 99.00 99.00 999 1018.6  12.5  13.2 999.0 99.0 99.00
2018 04 29 12 05 310  4.1 99.0 99.00 99.00 99.00 999 1018.3  12.6  13.1 999.0 99.0 99.00
2018 04 29 13 05 290  4.6 99.0 99.00 99.00 99.00 999 1017.9  12.4  13.2 999.0 99.0 99.00
2018 04 29 14 05 310  4.6 99.0 99.00 99.00 99.00 999 1018.5  12.5  13.2 999.0 99.0 99.00
2018 04 29 15 05 310  3.6 99.0 99.00 99.00 99.00 999 1019.2  12.4  13.1 999.0 99.0 99.00
2018 04 29 16 05 310  3.1 99.0 99.00 99.00 99.00 999 1019.3  12.1  13.1 999.0 99.0 99.00
2018 04 29 17 05 310  5.1 99.0 99.00 99.00 99.00 999 1019.5  12.7  13.1 999.0 99.0 99.00
2018 04 29 18 05 310  6.2 99.0 99.00 99.00 99.00 999 1019.8  12.8  13.2 999.0 99.0 99.00
2018 04 29 19 05 290  5.1 99.0 99.00 99.00 99.00 999 1019.9  12.8  13.2 999.0 99.0 99.00
2018 04 29 20 05 290  6.2 99.0 99.00 99.00 99.00 999 1019.8  12.8  13.3 999.0 99.0 99.00
2018 04 29 21 05 290  8.2 99.0 99.00 99.00 99.00 999 1019.3  12.9  13.3 999.0 99.0 99.00
2018 04 29 22 06 280  7.2 99.0 99.00 99.00 99.00 999 1018.8  12.8  13.2 999.0 99.0 99.00
2018 04 29 23 05 280  8.2 99.0 99.00 99.00 99.00 999 1018.3  12.8  13.1 999.0 99.0 99.00
2018 04 30 00 05 290  7.7 99.0 99.00 99.00 99.00 999 1018.0  12.9  13.1 999.0 99.0 99.00
2018 04 30 01 05 290  8.2 99.0 99.00 99.00 99.00 999 1017.6  12.8  12.9 999.0 99.0 99.00
2018 04 30 02 05 290  7.7 99.0 99.00 99.00 99.00 999 1017.5  12.7  12.6 999.0 99.0 99.00
2018 04 30 03 05 300  8.2 99.0 99.00 99.00 99.00 999 1017.9  12.5  12.6 999.0 99.0 99.00
2018 04 30 04 05 310  8.2 99.0 99.00 99.00 99.00 999 1018.4  12.6  12.4 999.0 99.0 99.00
2018 04 30 05 05 320  7.7 99.0 99.00 99.00 99.00 999 1018.5  12.5  12.3 999.0 99.0 99.00
2018 04 30 06 05 320  7.2 99.0 99.00 99.00 99.00 999 1018.6  12.4  12.4 999.0 99.0 99.00
2018 04 30 07 05 300  6.7 99.0 99.00 99.00 99.00 999 1018.6  12.4  12.5 999.0 99.0 99.00
2018 04 30 08 05 310  5.7 99.0 99.00 99.00 99.00 999 1018.9  12.3  12.5 999.0 99.0 99.00
2018 04 30 09 05 310  6.7 99.0 99.00 99.00 99.00 999 1018.1  12.2  12.5 999.0 99.0 99.00
2018 04 30 10 05 300  7.2 99.0 99.00 99.00 99.00 999 1018.1  12.3  12.7 999.0 99.0 99.00
2018 04 30 11 05 310  7.7 99.0 99.00 99.00 99.00 999 1017.7  12.0  12.4 999.0 99.0 99.00
2018 04 30 12 05 310  7.7 99.0 99.00 99.00 99.00 999 1017.6  12.1  12.4 999.0 99.0 99.00
2018 04 30 13 05 300 10.3 99.0 99.00 99.00 99.00 999 1017.7  12.0  12.2 999.0 99.0 99.00
2018 04 30 14 05 310  8.8 99.0 99.00 99.00 99.00 999 1018.3  12.0  12.3 999.0 99.0 99.00
2018 04 30 15 05 310  9.3 99.0 99.00 99.00 99.00 999 1018.4  11.9  12.1 999.0 99.0 99.00
2018 04 30 16 05 310  7.2 99.0 99.00 99.00 99.00 999 1018.9  11.9  12.0 999.0 99.0 99.00
2018 04 30 17 05 300  7.7 99.0 99.00 99.00 99.00 999 1018.7  11.8  12.0 999.0 99.0 99.00
2018 04 30 18 05 300  7.2 99.0 99.00 99.00 99.00 999 1018.7  11.9  11.8 999.0 99.0 99.00
2018 04 30 19 05 290  8.8 99.0 99.00 99.00 99.00 999 1018.5  11.9  11.8 999.0 99.0 99.00
2018 04 30 20 05 300  8.2 99.0 99.00 99.00 99.00 999 1018.2  12.0  12.0 999.0 99.0 99.00
2018 04 30 21 05 300  8.2 99.0 99.00 99.00 99.00 999 1017.7  11.9  11.9 999.0 99.0 99.00
2018 04 30 22 06 300  9.8 99.0 99.00 99.00 99.00 999 1017.0  12.0  12.0 999.0 99.0 99.00
2018 04 30 23 05 300  9.8 99.0 99.00 99.00 99.00 999 1016.3  11.8  11.9 999.0 99.0 99.00
