#YY  MM DD hh mm WDIR WSPD GST  WVHT   DPD   APD MWD   PRES  ATMP  WTMP  DEWP  VIS  TIDE
#yr  mo dy hr mn degT m/s  m/s     m   sec   sec deg    hPa  degC  degC  degC  nmi    ft
2018 03 01 00 16 200  3.1 99.0 99.00 99.00 99.00 999 1021.7  11.0  11.2 999.0 99.0 99.00
2018 03 01 01 06 210  3.1 99.0 99.00 99.00 99.00 999 1021.4  11.0  10.9 999.0 99.0 99.00
2018 03 01 02 06 200  4.1 99.0 99.00 99.00 99.00 999 1021.3  11.0  10.9 999.0 99.0 99.00
2018 03 01 03 06 180  4.1 99.0 99.00 99.00 99.00 999 1021.2  11.2  10.9 999.0 99.0 99.00
2018 03 01 04 06 180  6.7 99.0 99.00 99.00 99.00 999 1020.8  11.1  10.7 999.0 99.0 99.00
2018 03 01 05 06 180  6.2 99.0 99.00 99.00 99.00 999 1020.7  11.2  10.9 999.0 99.0 99.00
2018 03 01 06 06 170  9.8 99.0 99.00 99.00 99.00 999 1020.1  11.2  10.9 999.0 99.0 99.00
2018 03 01 07 06 180  9.3 99.0 99.00 99.00 99.00 999 1019.5  11.3  10.8 999.0 99.0 99.00
2018 03 01 08 06 170  9.8 99.0 99.00 99.00 99.00 999 1018.8  11.2  10.9 999.0 99.0 99.00
2018 03 01 09 06 160 10.3 99.0 99.00 99.00 99.00 999 1018.5  11.2  11.0 999.0 99.0 99.00
2018 03 01 10 06 160 10.8 99.0 99.00 99.00 99.00 999 1018.2  11.0  10.9 999.0 99.0 99.00
2018 03 01 11 06 160 11.8 99.0 99.00 99.00 99.00 999 1017.1  11.1  10.9 999.0 99.0 99.00
2018 03 01 12 06 160 11.3 99.0 99.00 99.00 99.00 999 1016.4  11.3  10.8 999.0 99.0 99.00
2018 03 01 13 06 160 11.8 99.0 99.00 99.00 99.00 999 1015.5  11.3  10.8 999.0 99.0 99.00
2018 03 01 14 06 170 10.8 99.0 99.00 99.00 99.00 999 1015.5  11.4  10.8 999.0 99.0 99.00
2018 03 01 15 06 170  8.8 99.0 99.00 99.00 99.00 999 1014.8  11.7  10.8 999.0 99.0 99.00
2018 03 01 16 06 180  8.8 99.0 99.00 99.00 99.00 999 1014.9  11.8  10.8 999.0 99.0 99.00
2018 03 01 17 06 180  8.2 99.0 99.00 99.00 99.00 999 1014.5  12.0  10.8 999.0 99.0 99.00
2018 03 01 18 06 170 10.8 99.0 99.00 99.00 99.00 999 1014.1  12.2  10.8 999.0 99.0 99.00
2018 03 01 19 06 180  8.2 99.0 99.00 99.00 99.00 999 1014.6  12.0  10.8 999.0 99.0 99.00
2018 03 01 20 06 170 10.3 99.0 99.00 99.00 99.00 999 1013.6  12.0  10.9 999.0 99.0 99.00
2018 03 01 21 06 180 11.8 99.0 99.00 99.00 99.00 999 1012.6  12.0  10.9 999.0 99.0 99.00
2018 03 01 22 07 180 11.3 99.0 99.00 99.00 99.00 999 1012.0  12.0  10.9 999.0 99.0 99.00
2018 03 01 23 06 210  9.8 99.0 99.00 99.00 99.00 999 1012.7  11.9  10.9 999.0 99.0 99.00
2018 03 02 00 06 210  6.7 99.0 99.00 99.00 99.00 999 1012.6  11.6  10.9 999.0 99.0 99.00
2018 03 02 01 06 240  5.1 99.0 99.00 99.00 99.00 999 1012.3  11.9  10.9 999.0 99.0 99.00
2018 03 02 02 06 200  4.1 99.0 99.00 99.00 99.00 999 1011.7  11.7  10.9 999.0 99.0 99.00
2018 03 02 03 06 190  7.2 99.0 99.00 99.00 99.00 999 1011.3  11.6  10.9 999.0 99.0 99.00
2018 03 02 04 06 180  9.8 99.0 99.00 99.00 99.00 999 1011.2  11.8  10.9 999.0 99.0 99.00
2018 03 02 05 06 200  6.2 99.0 99.00 99.00 99.00 999 1011.7  11.7  10.8 999.0 99.0 99.00
2018 03 02 06 06 200  8.2 99.0 99.00 99.00 99.00 999 1011.9  12.1  10.8 999.0 99.0 99.00
2018 03 02 07 06 240  9.3 99.0 99.00 99.00 99.00 999 1012.6  10.9  10.8 999.0 99.0 99.00
2018 03 02 08 06 230  7.7 99.0 99.00 99.00 99.00 999 1012.2  10.4  10.8 999.0 99.0 99.00
2018 03 02 09 16 260  5.7 99.0 99.00 99.00 99.00 999 1013.6   9.4  10.8 999.0 99.0 99.00
2018 03 02 10 16 250  4.1 99.0 99.00 99.00 99.00 999 1014.0  10.5  10.8 999.0 99.0 99.00
2018 03 02 11 16 250  2.6 99.0 99.00 99.00 99.00 999 1014.0   9.9  10.8 999.0 99.0 99.00
2018 03 02 12 16 260  4.6 99.0 99.00 99.00 99.00 999 1014.2  10.7  10.8 999.0 99.0 99.00
2018 03 02 13 16 260  2.1 99.0 99.00 99.00 99.00 999 1014.4  10.7  10.9 999.0 99.0 99.00
2018 03 02 14 16 200  2.1 99.0 99.00 99.00 99.00 999 1014.0  10.8  10.9 999.0 99.0 99.00
2018 03 02 15 16 220  2.6 99.0 99.00 99.00 99.00 999 1014.2  10.9  10.9 999.0 99.0 99.00
2018 03 02 16 16 210  4.6 99.0 99.00 99.00 99.00 999 1015.1  10.9  10.8 999.0 99.0 99.00
2018 03 02 17 16 190  5.1 99.0 99.00 99.00 99.00 999 1015.0  10.9  10.8 999.0 99.0 99.00
2018 03 02 18 16 170  8.2 99.0 99.00 99.00 99.00 999 1015.0  11.2  10.9 999.0 99.0 99.00
2018 03 02 19 16 170  8.2 99.0 99.00 99.00 99.00 999 1014.9  11.0  10.9 999.0 99.0 99.00
2018 03 02 20 16 180  8.2 99.0 99.00 99.00 99.00 999 1014.7  11.4  11.0 999.0 99.0 99.00
2018 03 02 21 06 170  6.2 99.0 99.00 99.00 99.00 999 1014.1  11.3  11.0 999.0 99.0 99.00
2018 03 02 22 07 180  9.3 99.0 99.00 99.00 99.00 999 1013.9  10.7  11.0 999.0 99.0 99.00
2018 03 02 23 06 190  8.2 99.0 99.00 99.00 99.00 999 1013.7  11.1  11.0 999.0 99.0 99.00
2018 03 03 00 06 200  7.7 99.0 99.00 99.00 99.00 999 1013.4  11.3  11.0 999.0 99.0 99.00
2018 03 03 01 06 200  6.7 99.0 99.00 99.00 99.00 999 1013.3  11.3  11.0 999.0 99.0 99.00
2018 03 03 02 06 200  8.2 99.0 99.00 99.00 99.00 999 1013.1  11.0  11.0 999.0 99.0 99.00
2018 03 03 03 06 220  6.7 99.0 99.00 99.00 99.00 999 1014.0  10.8  11.0 999.0 99.0 99.00
2018 03 03 04 06 220  8.2 99.0 99.00 99.00 99.00 999 1014.0  10.4  11.1 999.0 99.0 99.00
2018 03 03 05 06 220  5.7 99.0 99.00 99.00 99.00 999 1014.3   9.3  11.1 999.0 99.0 99.00
2018 03 03 06 06 210  6.2 99.0 99.00 99.00 99.00 999 1014.1  10.0  11.1 999.0 99.0 99.00
2018 03 03 07 06 230  4.1 99.0 99.00 99.00 99.00 999 1014.5  10.3  11.1 999.0 99.0 99.00
2018 03 03 08 06 250  4.1 99.0 99.00 99.00 99.00 999 1014.5  10.3  11.0 999.0 99.0 99.00
2018 03 03 09 06 260  5.1 99.0 99.00 99.00 99.00 999 1014.7  10.4  11.0 999.0 99.0 99.00
2018 03 03 10 06 270  5.7 99.0 99.00 99.00 99.00 999 1014.9  10.6  11.0 999.0 99.0 99.00
2018 03 03 11 06 260  4.6 99.0 99.00 99.00 99.00 999 1015.0  10.3  11.0 999.0 99.0 99.00
2018 03 03 12 06 320  2.1 99.0 99.00 99.00 99.00 999 1015.2  10.5  11.0 999.0 99.0 99.00
2018 03 03 13 06  30  3.1 99.0 99.00 99.00 99.00 999 1016.4   9.0  11.0 999.0 99.0 99.00
2018 03 03 14 06  50  1.5 99.0 99.00 99.00 99.00 999 1016.6   9.1  11.1 999.0 99.0 99.00
2018 03 03 15 06  40  2.1 99.0 99.00 99.00 99.00 999 1017.0   9.3  11.2 999.0 99.0 99.00
2018 03 03 16 06  70  3.1 99.0 99.00 99.00 99.00 999 1018.2   9.7  11.3 999.0 99.0 99.00
2018 03 03 17 06 140  2.6 99.0 99.00 99.00 99.00 999 1017.8   8.6  11.4 999.0 99.0 99.00
2018 03 03 18 06 130  2.6 99.0 99.00 99.00 99.00 999 1018.2   9.1  11.4 999.0 99.0 99.00
2018 03 03 19 06  90  2.6 99.0 99.00 99.00 99.00 999 1019.3   8.1  11.5 999.0 99.0 99.00
2018 03 03 20 06 180  2.1 99.0 99.00 99.00 99.00 999 1019.0   9.0  11.6 999.0 99.0 99.00
2018 03 03 21 06 190  4.1 99.0 99.00 99.00 99.00 999 1018.5   9.2  11.6 999.0 99.0 99.00
2018 03 03 22 06 190  5.1 99.0 99.00 99.00 99.00 999 1017.6   9.7  11.4 999.0 99.0 99.00
2018 03 03 23 06 240  2.1 99.0 99.00 99.00 99.00 999 1018.7   8.0  11.3 999.0 99.0 99.00
2018 03 04 00 06 240  2.1 99.0 99.00 99.00 99.00 999 1018.2   9.2  11.4 999.0 99.0 99.00
2018 03 04 01 06 240  4.1 99.0 99.00 99.00 99.00 999 1018.0   9.7  11.4 999.0 99.0 99.00
2018 03 04 02 06 250  3.6 99.0 99.00 99.00 99.00 999 1018.4   9.3  11.3 999.0 99.0 99.00
2018 03 04 03 06 290  3.1 99.0 99.00 99.00 99.00 999 1018.7   9.7  11.3 999.0 99.0 99.00
2018 03 04 04 06 290  4.6 99.0 99.00 99.00 99.00 999 1019.4   9.9  11.3 999.0 99.0 99.00
2018 03 04 05 06 280  4.1 99.0 99.00 99.00 99.00 999 1020.1   9.8  11.3 999.0 99.0 99.00
2018 03 04 06 06 330  6.2 99.0 99.00 99.00 99.00 999 1020.5   9.6  11.3 999.0 99.0 99.00
2018 03 04 07 06 280  3.1 99.0 99.00 99.00 99.00 999 1021.5   8.7  11.3 999.0 99.0 99.00
2018 03 04 08 06 270  1.0 99.0 99.00 99.00 99.00 999 1022.1   9.3  11.3 999.0 99.0 99.00
2018 03 04 09 06  40  2.1 99.0 99.00 99.00 99.00 999 1022.6   9.2  11.4 999.0 99.0 99.00
2018 03 04 10 06  50  2.1 99.0 99.00 99.00 99.00 999 1022.7   7.9  11.3 999.0 99.0 99.00
2018 03 04 11 06  50  2.6 99.0 99.00 99.00 99.00 999 1023.0   8.7  11.3 999.0 99.0 99.00
2018 03 04 12 06 110  2.1 99.0 99.00 99.00 99.00 999 1023.6   8.7  11.4 999.0 99.0 99.00
2018 03 04 13 06 100  2.6 99.0 99.00 99.00 99.00 999 1024.0   8.7  11.5 999.0 99.0 99.00
2018 03 04 14 06  70  4.6 99.0 99.00 99.00 99.00 999 1024.4   8.5  11.5 999.0 99.0 99.00
2018 03 04 15 06  40  4.6 99.0 99.00 99.00 99.00 999 1024.8   7.9  11.5 999.0 99.0 99.00
2018 03 04 16 06  40  4.6 99.0 99.00 99.00 99.00 999 1025.8   8.0  11.5 999.0 99.0 99.00
2018 03 04 17 06  50  5.7 99.0 99.00 99.00 99.00 999 1025.7   7.8  11.5 999.0 99.0 99.00
2018 03 04 18 06  50  3.6 99.0 99.00 99.00 99.00 999 1026.5   8.7  11.6 999.0 99.0 99.00
2018 03 04 19 06  40  2.1 99.0 99.00 99.00 99.00 999 1026.9   9.4  11.7 999.0 99.0 99.00
2018 03 04 20 06  60  1.0 99.0 99.00 99.00 99.00 999 1027.1   9.9  11.8 999.0 99.0 99.00
2018 03 04 21 06 330  1.5 99.0 99.00 99.00 99.00 999 1026.8  10.7  11.7 999.0 99.0 99.00
2018 03 04 22 06 300  3.1 99.0 99.00 99.00 99.00 999 1026.4  10.5  11.8 999.0 99.0 99.00
2018 03 04 23 06 290  6.2 99.0 99.00 99.00 99.00 999 1025.7  10.6  12.0 999.0 99.0 99.00
2018 03 05 00 06 290  7.2 99.0 99.00 99.00 99.00 999 1025.3  10.6  11.6 999.0 99.0 99.00
2018 03 05 01 06 300  6.7 99.0 99.00 99.00 99.00 999 1025.2  10.8  11.5 999.0 99.0 99.00
2018 03 05 02 06 300  5.7 99.0 99.00 99.00 99.00 999 1024.7  10.8  11.3 999.0 99.0 99.00
2018 03 05 03 06 290  7.7 99.0 99.00 99.00 99.00 999 1024.7  10.8  11.3 999.0 99.0 99.00
2018 03 05 04 06 320  5.1 99.0 99.00 99.00 99.00 999 1024.9  11.5  11.3 999.0 99.0 99.00
2018 03 05 05 06  10  5.1 99.0 99.00 99.00 99.00 999 1025.5  11.5  11.3 999.0 99.0 99.00
2018 03 05 07 06  20  4.6 99.0 99.00 99.00 99.00 999 1026.1  10.8  11.2 999.0 99.0 99.00
2018 03 05 08 06  50  3.6 99.0 99.00 99.00 99.00 999 1026.5  10.5  11.3 999.0 99.0 99.00
2018 03 05 09 06  40  6.7 99.0 99.00 99.00 99.00 999 1026.4   9.6  11.3 999.0 99.0 99.00
2018 03 05 10 06  40  7.7 99.0 99.00 99.00 99.00 999 1026.3  10.0  11.4 999.0 99.0 99.00
2018 03 05 11 16  40  7.7 99.0 99.00 99.00 99.00 999 1025.6  10.1  11.3 999.0 99.0 99.00
2018 03 05 12 16  40  7.7 99.0 99.00 99.00 99.00 999 1025.3   9.7  11.3 999.0 99.0 99.00
2018 03 05 13 16  40  8.2 99.0 99.00 99.00 99.00 999 1025.2   8.5  11.2 999.0 99.0 99.00
2018 03 05 14 16  30  7.7 99.0 99.00 99.00 99.00 999 1025.2   8.2  11.2 999.0 99.0 99.00
2018 03 05 15 16  40  7.2 99.0 99.00 99.00 99.00 999 1025.2   8.9  11.2 999.0 99.0 99.00
2018 03 05 16 16  30  7.2 99.0 99.00 99.00 99.00 999 1025.1   9.1  11.2 999.0 99.0 99.00
2018 03 05 17 16  40  7.2 99.0 99.00 99.00 99.00 999 1025.0   9.5  11.2 999.0 99.0 99.00
2018 03 05 19 16  30  5.1 99.0 99.00 99.00 99.00 999 1024.5  11.4  11.3 999.0 99.0 99.00
2018 03 05 20 16 360  3.1 99.0 99.00 99.00 99.00 999 1023.7  12.1  11.4 999.0 99.0 99.00
2018 03 05 21 16 290  4.1 99.0 99.00 99.00 99.00 999 1022.8  11.4  11.5 999.0 99.0 99.00
2018 03 05 22 16 300  4.6 99.0 99.00 99.00 99.00 999 1021.8  11.7  11.6 999.0 99.0 99.00
2018 03 05 23 06 300  5.1 99.0 99.00 99.00 99.00 999 1021.1  12.0  11.6 999.0 99.0 99.00
2018 03 06 00 06 290  5.7 99.0 99.00 99.00 99.00 999 1020.3  12.3  11.6 999.0 99.0 99.00
2018 03 06 01 06 290  6.2 99.0 99.00 99.00 99.00 999 1020.2  12.6  11.6 999.0 99.0 99.00
2018 03 06 02 06 300  5.1 99.0 99.00 99.00 99.00 999 1020.3  12.8  11.6 999.0 99.0 99.00
2018 03 06 03 06 320  4.1 99.0 99.00 99.00 99.00 999 1020.2  12.3  11.5 999.0 99.0 99.00
2018 03 06 04 06  60  2.6 99.0 99.00 99.00 99.00 999 1020.3  12.8  11.6 999.0 99.0 99.00
2018 03 06 05 06  50  4.6 99.0 99.00 99.00 99.00 999 1020.6  13.0  11.5 999.0 99.0 99.00
2018 03 06 06 06  30  5.1 99.0 99.00 99.00 99.00 999 1020.8  12.6  11.5 999.0 99.0 99.00
2018 03 06 07 06  30  6.2 99.0 99.00 99.00 99.00 999 1020.2  12.7  11.5 999.0 99.0 99.00
2018 03 06 08 06  30  6.7 99.0 99.00 99.00 99.00 999 1019.9  12.4  11.4 999.0 99.0 99.00
2018 03 06 09 06  50  6.2 99.0 99.00 99.00 99.00 999 1019.9  11.2  11.4 999.0 99.0 99.00
2018 03 06 10 06  30  5.7 99.0 99.00 99.00 99.00 999 1019.5  11.4  11.3 999.0 99.0 99.00
2018 03 06 11 06  50  6.7 99.0 99.00 99.00 99.00 999 1019.0  11.3  11.3 999.0 99.0 99.00
2018 03 06 12 06  40  6.2 99.0 99.00 99.00 99.00 999 1019.2  11.7  11.3 999.0 99.0 99.00
2018 03 06 13 06  50  6.7 99.0 99.00 99.00 99.00 999 1019.1  10.6  11.2 999.0 99.0 99.00
2018 03 06 14 06  60  7.7 99.0 99.00 99.00 99.00 999 1019.0  10.3  11.2 999.0 99.0 99.00
2018 03 06 15 06  50  7.7 99.0 99.00 99.00 99.00 999 1019.0  10.5  11.3 999.0 99.0 99.00
2018 03 06 16 06  40  8.2 99.0 99.00 99.00 99.00 999 1019.2  10.4  11.3 999.0 99.0 99.00
2018 03 06 17 06  40  7.7 99.0 99.00 99.00 99.00 999 1019.2  11.3  11.3 999.0 99.0 99.00
2018 03 06 18 06  40  6.2 99.0 99.00 99.00 99.00 999 1019.5  11.8  11.3 999.0 99.0 99.00
2018 03 06 19 06  20  3.6 99.0 99.00 99.00 99.00 999 1019.5  12.6  11.4 999.0 99.0 99.00
2018 03 06 20 06 110  2.1 99.0 99.00 99.00 99.00 999 1019.1  13.3  11.7 999.0 99.0 99.00
2018 03 06 21 06 130  2.6 99.0 99.00 99.00 99.00 999 1018.3  13.0  11.8 999.0 99.0 99.00
2018 03 06 22 06 200  3.1 99.0 99.00 99.00 99.00 999 1017.8  13.3  12.0 999.0 99.0 99.00
2018 03 06 23 06 230  3.1 99.0 99.00 99.00 99.00 999 1017.5  13.5  12.2 999.0 99.0 99.00
2018 03 07 00 06 250  4.1 99.0 99.00 99.00 99.00 999 1017.0  13.5  12.0 999.0 99.0 99.00
2018 03 07 01 06 260  4.1 99.0 99.00 99.00 99.00 999 1017.1  13.4  11.9 999.0 99.0 99.00
2018 03 07 02 06 260  3.6 99.0 99.00 99.00 99.00 999 1017.7  12.8  11.8 999.0 99.0 99.00
2018 03 07 03 06 290  2.1 99.0 99.00 99.00 99.00 999 1017.6  12.4  11.7 999.0 99.0 99.00
2018 03 07 04 06 100  1.5 99.0 99.00 99.00 99.00 999 1017.2  12.0  11.6 999.0 99.0 99.00
2018 03 07 05 06 110  1.5 99.0 99.00 99.00 99.00 999 1017.0  12.2  11.6 999.0 99.0 99.00
2018 03 07 06 06 150  2.1 99.0 99.00 99.00 99.00 999 1017.1  12.1  11.6 999.0 99.0 99.00
2018 03 07 07 06  20  3.1 99.0 99.00 99.00 99.00 999 1017.4  12.1  11.5 999.0 99.0 99.00
2018 03 07 08 06  20  4.6 99.0 99.00 99.00 99.00 999 1016.8  12.0  11.5 999.0 99.0 99.00
2018 03 07 09 06  60  5.1 99.0 99.00 99.00 99.00 999 1016.7  12.0  11.5 999.0 99.0 99.00
2018 03 07 10 06  50  5.1 99.0 99.00 99.00 99.00 999 1015.8  11.5  11.5 999.0 99.0 99.00
2018 03 07 11 06  60  5.7 99.0 99.00 99.00 99.00 999 1015.8  11.7  11.5 999.0 99.0 99.00
2018 03 07 12 06  70  4.1 99.0 99.00 99.00 99.00 999 1016.2  11.9  11.4 999.0 99.0 99.00
2018 03 07 13 06  20  3.1 99.0 99.00 99.00 99.00 999 1016.6  11.5  11.4 999.0 99.0 99.00
2018 03 07 14 06  80  2.6 99.0 99.00 99.00 99.00 999 1016.8  12.2  11.3 999.0 99.0 99.00
2018 03 07 15 06  90  3.1 99.0 99.00 99.00 99.00 999 1016.8  12.5  11.4 999.0 99.0 99.00
2018 03 07 16 06  60  5.1 99.0 99.00 99.00 99.00 999 1016.9  11.3  11.4 999.0 99.0 99.00
2018 03 07 17 06 170  1.0 99.0 99.00 99.00 99.00 999 1017.7  11.7  11.4 999.0 99.0 99.00
2018 03 07 18 06 240  2.1 99.0 99.00 99.00 99.00 999 1017.7  11.9  11.5 999.0 99.0 99.00
2018 03 07 19 06 260  1.0 99.0 99.00 99.00 99.00 999 1017.4  13.4  11.6 999.0 99.0 99.00
2018 03 07 20 06 240  1.0 99.0 99.00 99.00 99.00 999 1017.3  13.4  11.6 999.0 99.0 99.00
2018 03 07 21 06 240  1.5 99.0 99.00 99.00 99.00 999 1017.0  13.5  11.9 999.0 99.0 99.00
2018 03 07 22 06 220  3.6 99.0 99.00 99.00 99.00 999 1016.9  13.1  12.4 999.0 99.0 99.00
2018 03 07 23 06 250  3.6 99.0 99.00 99.00 99.00 999 1016.8  13.0  12.3 999.0 99.0 99.00
2018 03 08 00 06 260  2.1 99.0 99.00 99.00 99.00 999 1016.8  13.2  12.4 999.0 99.0 99.00
2018 03 08 01 06 300  1.5 99.0 99.00 99.00 99.00 999 1016.3  13.6  12.4 999.0 99.0 99.00
2018 03 08 02 06 210  1.5 99.0 99.00 99.00 99.00 999 1016.3  13.0  12.2 999.0 99.0 99.00
2018 03 08 03 06 210  1.5 99.0 99.00 99.00 99.00 999 1017.0  12.8  12.2 999.0 99.0 99.00
2018 03 08 04 06   0  0.0 99.0 99.00 99.00 99.00 999 1017.8  12.7  12.1 999.0 99.0 99.00
2018 03 08 05 06 100  1.5 99.0 99.00 99.00 99.00 999 1018.3  12.6  12.0 999.0 99.0 99.00
2018 03 08 06 06 120  2.6 99.0 99.00 99.00 99.00 999 1018.3  12.6  12.0 999.0 99.0 99.00
2018 03 08 07 06 360  1.0 99.0 99.00 99.00 99.00 999 1019.0  12.5  12.1 999.0 99.0 99.00
2018 03 08 08 06  60  3.1 99.0 99.00 99.00 99.00 999 1018.9  12.4  12.0 999.0 99.0 99.00
2018 03 08 09 06  90  4.6 99.0 99.00 99.00 99.00 999 1018.9  11.9  11.9 999.0 99.0 99.00
2018 03 08 10 06  30  1.5 99.0 99.00 99.00 99.00 999 1019.3  11.9  11.8 999.0 99.0 99.00
2018 03 08 11 06  40  2.6 99.0 99.00 99.00 99.00 999 1019.0  12.1  11.9 999.0 99.0 99.00
2018 03 08 12 06  10  3.6 99.0 99.00 99.00 99.00 999 1019.3  11.7  11.8 999.0 99.0 99.00
2018 03 08 13 06  50  4.6 99.0 99.00 99.00 99.00 999 1018.9  11.5  11.8 999.0 99.0 99.00
2018 03 08 14 06  40  5.1 99.0 99.00 99.00 99.00 999 1019.3  11.4  11.8 999.0 99.0 99.00
2018 03 08 15 06  70  5.1 99.0 99.00 99.00 99.00 999 1019.6  11.2  11.9 999.0 99.0 99.00
2018 03 08 16 06  60  4.6 99.0 99.00 99.00 99.00 999 1020.1  11.2  11.8 999.0 99.0 99.00
2018 03 08 17 06  70  5.1 99.0 99.00 99.00 99.00 999 1020.0  11.6  11.8 999.0 99.0 99.00
2018 03 08 18 06  70  4.1 99.0 99.00 99.00 99.00 999 1020.1  12.1  12.0 999.0 99.0 99.00
2018 03 08 19 06  90  1.5 99.0 99.00 99.00 99.00 999 1020.1  13.0  12.3 999.0 99.0 99.00
2018 03 08 20 06  30  0.5 99.0 99.00 99.00 99.00 999 1019.8  13.7  12.3 999.0 99.0 99.00
2018 03 08 21 06 280  4.6 99.0 99.00 99.00 99.00 999 1019.4  13.3  12.3 999.0 99.0 99.00
2018 03 08 22 06 270  4.6 99.0 99.00 99.00 99.00 999 1018.7  12.9  12.3 999.0 99.0 99.00
2018 03 08 23 06 280  4.1 99.0 99.00 99.00 99.00 999 1018.2  13.4  12.6 999.0 99.0 99.00
2018 03 09 00 06 280  5.1 99.0 99.00 99.00 99.00 999 1018.0  12.9  12.6 999.0 99.0 99.00
2018 03 09 01 06 290  5.7 99.0 99.00 99.00 99.00 999 1017.2  11.9  12.4 999.0 99.0 99.00
2018 03 09 02 06 280  6.7 99.0 99.00 99.00 99.00 999 1017.5  11.2  12.2 999.0 99.0 99.00
2018 03 09 03 06 280  6.2 99.0 99.00 99.00 99.00 999 1018.2  11.1  12.0 999.0 99.0 99.00
2018 03 09 04 06 280  6.2 99.0 99.00 99.00 99.00 999 1018.3  10.9  11.9 999.0 99.0 99.00
2018 03 09 05 06 270  5.1 99.0 99.00 99.00 99.00 999 1018.5  10.5  11.8 999.0 99.0 99.00
2018 03 09 06 06 280  4.1 99.0 99.00 99.00 99.00 999 1018.6  10.4  11.9 999.0 99.0 99.00
2018 03 09 07 06 270  3.6 99.0 99.00 99.00 99.00 999 1018.2  10.3  12.0 999.0 99.0 99.00
2018 03 09 08 06 220  1.5 99.0 99.00 99.00 99.00 999 1018.0  10.5  12.0 999.0 99.0 99.00
2018 03 09 09 06 230  2.1 99.0 99.00 99.00 99.00 999 1017.7  10.6  11.9 999.0 99.0 99.00
2018 03 09 10 06 170  0.5 99.0 99.00 99.00 99.00 999 1017.5  10.3  11.8 999.0 99.0 99.00
2018 03 09 11 06 330  2.6 99.0 99.00 99.00 99.00 999 1017.1  10.1  11.8 999.0 99.0 99.00
2018 03 09 12 06 330  3.6 99.0 99.00 99.00 99.00 999 1016.8  10.2  11.8 999.0 99.0 99.00
2018 03 09 13 06  20  3.1 99.0 99.00 99.00 99.00 999 1016.3  10.2  11.9 999.0 99.0 99.00
2018 03 09 14 06 280  2.6 99.0 99.00 99.00 99.00 999 1016.6   9.8  12.0 999.0 99.0 99.00
2018 03 09 15 06 270  3.6 99.0 99.00 99.00 99.00 999 1017.0   9.6  12.0 999.0 99.0 99.00
2018 03 09 16 06 340  2.1 99.0 99.00 99.00 99.00 999 1017.5   9.3  12.0 999.0 99.0 99.00
2018 03 09 17 06 100  1.5 99.0 99.00 99.00 99.00 999 1017.5   9.4  12.1 999.0 99.0 99.00
2018 03 09 18 06 120  2.1 99.0 99.00 99.00 99.00 999 1018.2   9.4  12.2 999.0 99.0 99.00
2018 03 09 19 06 320  1.5 99.0 99.00 99.00 99.00 999 1018.2   9.3  12.3 999.0 99.0 99.00
2018 03 09 20 06 320  1.5 99.0 99.00 99.00 99.00 999 1018.5   9.7  12.3 999.0 99.0 99.00
2018 03 09 21 06 290  4.1 99.0 99.00 99.00 99.00 999 1016.7   9.7  12.5 999.0 99.0 99.00
2018 03 09 22 06 290  5.1 99.0 99.00 99.00 99.00 999 1016.5  10.5  12.5 999.0 99.0 99.00
2018 03 09 23 06 290  5.7 99.0 99.00 99.00 99.00 999 1016.1  11.0  12.4 999.0 99.0 99.00
2018 03 10 00 06 290  5.7 99.0 99.00 99.00 99.00 999 1015.7  11.3  12.3 999.0 99.0 99.00
2018 03 10 01 06 280  4.1 99.0 99.00 99.00 99.00 999 1014.5  11.3  12.2 999.0 99.0 99.00
2018 03 10 02 06 270  2.6 99.0 99.00 99.00 99.00 999 1014.7  11.5  12.1 999.0 99.0 99.00
2018 03 10 03 06 250  5.1 99.0 99.00 99.00 99.00 999 1014.4  11.4  12.2 999.0 99.0 99.00
2018 03 10 04 06 250  5.7 99.0 99.00 99.00 99.00 999 1014.6  11.4  12.1 999.0 99.0 99.00
2018 03 10 05 06 230  4.1 99.0 99.00 99.00 99.00 999 1014.7  11.5  12.1 999.0 99.0 99.00
2018 03 10 06 06 230  3.1 99.0 99.00 99.00 99.00 999 1014.5  11.8  12.1 999.0 99.0 99.00
2018 03 10 07 06 200  3.6 99.0 99.00 99.00 99.00 999 1015.3  11.3  12.0 999.0 99.0 99.00
2018 03 10 08 06 220  3.1 99.0 99.00 99.00 99.00 999 1015.3  11.4  12.1 999.0 99.0 99.00
2018 03 10 09 06 320  2.1 99.0 99.00 99.00 99.00 999 1015.1  11.3  12.2 999.0 99.0 99.00
2018 03 10 10 06 200  3.1 99.0 99.00 99.00 99.00 999 1014.8  11.2  12.2 999.0 99.0 99.00
2018 03 10 11 06 180  2.6 99.0 99.00 99.00 99.00 999 1014.7  11.1  12.2 999.0 99.0 99.00
2018 03 10 12 06 120  4.1 99.0 99.00 99.00 99.00 999 1013.6  10.8  12.3 999.0 99.0 99.00
2018 03 10 13 06 100  3.1 99.0 99.00 99.00 99.00 999 1013.0  11.1  12.3 999.0 99.0 99.00
2018 03 10 14 06  60  2.1 99.0 99.00 99.00 99.00 999 1014.0  11.2  12.3 999.0 99.0 99.00
2018 03 10 15 06  50  2.1 99.0 99.00 99.00 99.00 999 1014.2  11.3  12.1 999.0 99.0 99.00
2018 03 10 16 06 260  0.5 99.0 99.00 99.00 99.00 999 1015.1  11.5  12.2 999.0 99.0 99.00
2018 03 10 17 06 170  1.5 99.0 99.00 99.00 99.00 999 1015.3  11.6  12.1 999.0 99.0 99.00
2018 03 10 18 06 100  2.6 99.0 99.00 99.00 99.00 999 1014.9  11.6  12.1 999.0 99.0 99.00
2018 03 10 19 06  60  3.6 99.0 99.00 99.00 99.00 999 1014.6  11.7  12.0 999.0 99.0 99.00
2018 03 10 20 06  10  2.1 99.0 99.00 99.00 99.00 999 1015.4  12.1  12.0 999.0 99.0 99.00
2018 03 10 21 06  30  1.5 99.0 99.00 99.00 99.00 999 1014.9  12.2  12.1 999.0 99.0 99.00
2018 03 10 22 06 260  1.0 99.0 99.00 99.00 99.00 999 1015.2  12.1  12.0 999.0 99.0 99.00
2018 03 10 23 06 180  1.0 99.0 99.00 99.00 99.00 999 1015.0  12.0  12.0 999.0 99.0 99.00
2018 03 11 00 06 360  1.0 99.0 99.00 99.00 99.00 999 1014.6  11.9  12.1 999.0 99.0 99.00
2018 03 11 01 06  30  2.1 99.0 99.00 99.00 99.00 999 1014.7  11.9  12.4 999.0 99.0 99.00
2018 03 11 02 06  50  2.1 99.0 99.00 99.00 99.00 999 1014.5  12.1  12.2 999.0 99.0 99.00
2018 03 11 03 06 340  3.6 99.0 99.00 99.00 99.00 999 1014.8  12.2  12.1 999.0 99.0 99.00
2018 03 11 04 06 350  3.6 99.0 99.00 99.00 99.00 999 1015.0  12.3  12.1 999.0 99.0 99.00
2018 03 11 05 06 340  4.6 99.0 99.00 99.00 99.00 999 1015.5  12.1  12.1 999.0 99.0 99.00
2018 03 11 06 06 340  4.1 99.0 99.00 99.00 99.00 999 1015.5  12.2  12.1 999.0 99.0 99.00
2018 03 11 07 06 340  3.6 99.0 99.00 99.00 99.00 999 1015.3  11.8  12.1 999.0 99.0 99.00
2018 03 11 08 06 320  2.6 99.0 99.00 99.00 99.00 999 1015.3  11.6  12.1 999.0 99.0 99.00
2018 03 11 09 06 310  2.6 99.0 99.00 99.00 99.00 999 1015.6  11.3  12.1 999.0 99.0 99.00
2018 03 11 10 06 300  3.1 99.0 99.00 99.00 99.00 999 1015.7  10.9  12.0 999.0 99.0 99.00
2018 03 11 11 06 320  2.6 99.0 99.00 99.00 99.00 999 1015.5  10.5  12.0 999.0 99.0 99.00
2018 03 11 12 06  60  4.1 99.0 99.00 99.00 99.00 999 1015.8  10.8  12.0 999.0 99.0 99.00
2018 03 11 13 06  60  4.6 99.0 99.00 99.00 99.00 999 1016.0   9.7  11.9 999.0 99.0 99.00
2018 03 11 14 06  40  4.6 99.0 99.00 99.00 99.00 999 1017.3  10.9  11.9 999.0 99.0 99.00
2018 03 11 15 06  50  5.1 99.0 99.00 99.00 99.00 999 1018.1  10.9  11.9 999.0 99.0 99.00
2018 03 11 16 06  50  5.1 99.0 99.00 99.00 99.00 999 1019.0  10.8  11.9 999.0 99.0 99.00
2018 03 11 17 06  40  5.1 99.0 99.00 99.00 99.00 999 1019.4  11.1  12.0 999.0 99.0 99.00
2018 03 11 18 26  40  4.6 99.0 99.00 99.00 99.00 999 1020.1  11.7  12.1 999.0 99.0 99.00
2018 03 11 19 26  20  3.6 99.0 99.00 99.00 99.00 999 1019.0  12.3  12.2 999.0 99.0 99.00
2018 03 11 20 26 360  2.6 99.0 99.00 99.00 99.00 999 1018.4  13.1  12.4 999.0 99.0 99.00
2018 03 11 21 26 290  3.1 99.0 99.00 99.00 99.00 999 1017.6  13.6  12.4 999.0 99.0 99.00
2018 03 11 22 26 290  5.1 99.0 99.00 99.00 99.00 999 1017.1  12.8  12.8 999.0 99.0 99.00
2018 03 11 23 26 220  4.1 99.0 99.00 99.00 99.00 999 1017.6  13.3  12.8 999.0 99.0 99.00
2018 03 12 00 26 210  6.2 99.0 99.00 99.00 99.00 999 1017.1  12.4  12.7 999.0 99.0 99.00
2018 03 12 01 26 210  8.2 99.0 99.00 99.00 99.00 999 1017.6  11.6  12.6 999.0 99.0 99.00
2018 03 12 02 26 220  4.1 99.0 99.00 99.00 99.00 999 1018.8  12.0  12.7 999.0 99.0 99.00
2018 03 12 03 26 210  3.1 99.0 99.00 99.00 99.00 999 1019.2  12.3  12.6 999.0 99.0 99.00
2018 03 12 04 26 210  3.6 99.0 99.00 99.00 99.00 999 1019.7  12.3  12.5 999.0 99.0 99.00
2018 03 12 05 16 250  1.5 99.0 99.00 99.00 99.00 999 1020.1  12.5  12.4 999.0 99.0 99.00
2018 03 12 06 06 200  3.6 99.0 99.00 99.00 99.00 999 1020.0  11.8  12.4 999.0 99.0 99.00
2018 03 12 07 06 100  3.1 99.0 99.00 99.00 99.00 999 1019.6  11.5  12.4 999.0 99.0 99.00
2018 03 12 08 06 150  2.1 99.0 99.00 99.00 99.00 999 1019.5  11.2  12.4 999.0 99.0 99.00
2018 03 12 09 06 120  2.6 99.0 99.00 99.00 99.00 999 1019.6  11.3  12.4 999.0 99.0 99.00
2018 03 12 10 06  40  2.6 99.0 99.00 99.00 99.00 999 1019.0  11.0  12.4 999.0 99.0 99.00
2018 03 12 11 06  60  3.1 99.0 99.00 99.00 99.00 999 1018.3  11.0  12.4 999.0 99.0 99.00
2018 03 12 12 06  50  5.1 99.0 99.00 99.00 99.00 999 1017.7  11.2  12.4 999.0 99.0 99.00
2018 03 12 13 06  50  5.7 99.0 99.00 99.00 99.00 999 1017.3  11.4  12.3 999.0 99.0 99.00
2018 03 12 14 06  70  4.1 99.0 99.00 99.00 99.00 999 1017.8  11.1  12.2 999.0 99.0 99.00
2018 03 12 15 06 140  1.5 99.0 99.00 99.00 99.00 999 1017.5  10.6  12.2 999.0 99.0 99.00
2018 03 12 16 06 180  0.5 99.0 99.00 99.00 99.00 999 1018.3  11.1  12.3 999.0 99.0 99.00
2018 03 12 17 06 160  1.5 99.0 99.00 99.00 99.00 999 1018.6  11.2  12.3 999.0 99.0 99.00
2018 03 12 18 06   0  0.0 99.0 99.00 99.00 99.00 999 1018.9  11.3  12.3 999.0 99.0 99.00
2018 03 12 19 06 240  2.1 99.0 99.00 99.00 99.00 999 1017.6  11.5  12.3 999.0 99.0 99.00
2018 03 12 20 06 180  3.6 99.0 99.00 99.00 99.00 999 1016.8  13.0  12.5 999.0 99.0 99.00
2018 03 12 21 06 200  3.6 99.0 99.00 99.00 99.00 999 1015.8  13.8  12.5 999.0 99.0 99.00
2018 03 12 22 06 180  9.3 99.0 99.00 99.00 99.00 999 1014.7  13.9  12.4 999.0 99.0 99.00
2018 03 12 23 06 180  9.8 99.0 99.00 99.00 99.00 999 1014.1  13.8  12.4 999.0 99.0 99.00
2018 03 13 00 06 180  9.3 99.0 99.00 99.00 99.00 999 1013.9  13.8  12.0 999.0 99.0 99.00
2018 03 13 01 06 150  7.7 99.0 99.00 99.00 99.00 999 1014.2  13.4  11.9 999.0 99.0 99.00
2018 03 13 02 06 150  4.1 99.0 99.00 99.00 99.00 999 1014.2  13.0  12.3 999.0 99.0 99.00
2018 03 13 03 06 120  3.1 99.0 99.00 99.00 99.00 999 1014.7  13.2  12.3 999.0 99.0 99.00
2018 03 13 04 06 160  5.1 99.0 99.00 99.00 99.00 999 1015.0  13.9  12.2 999.0 99.0 99.00
2018 03 13 05 06 150  6.7 99.0 99.00 99.00 99.00 999 1015.1  14.6  12.3 999.0 99.0 99.00
2018 03 13 06 06 170  8.2 99.0 99.00 99.00 99.00 999 1014.9  14.7  12.3 999.0 99.0 99.00
2018 03 13 07 06 180  7.2 99.0 99.00 99.00 99.00 999 1014.9  14.5  12.4 999.0 99.0 99.00
2018 03 13 08 06 170 10.8 99.0 99.00 99.00 99.00 999 1014.7  14.3  12.4 999.0 99.0 99.00
2018 03 13 09 06 160  8.2 99.0 99.00 99.00 99.00 999 1014.7  14.3  12.5 999.0 99.0 99.00
2018 03 13 10 06 170  7.2 99.0 99.00 99.00 99.00 999 1013.9  14.8  12.5 999.0 99.0 99.00
2018 03 13 11 06 180  6.7 99.0 99.00 99.00 99.00 999 1013.4  14.6  12.5 999.0 99.0 99.00
2018 03 13 12 06 170  8.8 99.0 99.00 99.00 99.00 999 1013.2  14.6  12.5 999.0 99.0 99.00
2018 03 13 13 06 180  7.7 99.0 99.00 99.00 99.00 999 1013.1  14.3  12.5 999.0 99.0 99.00
2018 03 13 14 06 180  6.7 99.0 99.00 99.00 99.00 999 1013.4  13.8  12.4 999.0 99.0 99.00
2018 03 13 15 06 180  6.2 99.0 99.00 99.00 99.00 999 1013.6  13.7  12.4 999.0 99.0 99.00
2018 03 13 16 06 180  7.7 99.0 99.00 99.00 99.00 999 1013.9  13.6  12.4 999.0 99.0 99.00
2018 03 13 17 06 190  5.7 99.0 99.00 99.00 99.00 999 1014.5  13.5  12.5 999.0 99.0 99.00
2018 03 13 18 06 190  5.7 99.0 99.00 99.00 99.00 999 1014.9  13.5  12.5 999.0 99.0 99.00
2018 03 13 19 06 200  6.2 99.0 99.00 99.00 99.00 999 1014.7  13.5  12.5 999.0 99.0 99.00
2018 03 13 20 06 200  5.1 99.0 99.00 99.00 99.00 999 1015.5  13.3  12.5 999.0 99.0 99.00
2018 03 13 21 06 230  3.1 99.0 99.00 99.00 99.00 999 1015.1  12.5  12.6 999.0 99.0 99.00
2018 03 13 22 06 180  5.1 99.0 99.00 99.00 99.00 999 1014.9  13.0  12.6 999.0 99.0 99.00
2018 03 13 23 06 180  5.7 99.0 99.00 99.00 99.00 999 1014.6  13.1  12.6 999.0 99.0 99.00
2018 03 14 00 06 180  6.2 99.0 99.00 99.00 99.00 999 1013.3  12.9  12.6 999.0 99.0 99.00
2018 03 14 01 06 180  6.2 99.0 99.00 99.00 99.00 999 1013.1  13.0  12.6 999.0 99.0 99.00
2018 03 14 02 06 190  7.2 99.0 99.00 99.00 99.00 999 1013.0  12.8  12.6 999.0 99.0 99.00
2018 03 14 03 06 190  6.7 99.0 99.00 99.00 99.00 999 1012.7  13.2  12.5 999.0 99.0 99.00
2018 03 14 04 06 190  7.2 99.0 99.00 99.00 99.00 999 1013.4  13.1  12.5 999.0 99.0 99.00
2018 03 14 05 06 190  6.7 99.0 99.00 99.00 99.00 999 1013.9  13.2  12.5 999.0 99.0 99.00
2018 03 14 06 06 250  8.8 99.0 99.00 99.00 99.00 999 1015.3  11.0  12.5 999.0 99.0 99.00
2018 03 14 07 06 220  3.6 99.0 99.00 99.00 99.00 999 1015.6  11.7  12.5 999.0 99.0 99.00
2018 03 14 08 06 220  4.1 99.0 99.00 99.00 99.00 999 1015.7  12.2  12.5 999.0 99.0 99.00
2018 03 14 09 06 210  5.1 99.0 99.00 99.00 99.00 999 1015.6  12.4  12.5 999.0 99.0 99.00
2018 03 14 10 06 220  4.1 99.0 99.00 99.00 99.00 999 1015.0  12.4  12.5 999.0 99.0 99.00
2018 03 14 11 06 200  4.1 99.0 99.00 99.00 99.00 999 1014.6  12.5  12.5 999.0 99.0 99.00
2018 03 14 12 06 220  5.1 99.0 99.00 99.00 99.00 999 1014.4  12.4  12.5 999.0 99.0 99.00
2018 03 14 13 06 220  4.6 99.0 99.00 99.00 99.00 999 1014.6  12.5  12.6 999.0 99.0 99.00
2018 03 14 14 06 200  5.1 99.0 99.00 99.00 99.00 999 1014.9  12.0  12.6 999.0 99.0 99.00
2018 03 14 15 06 170  3.6 99.0 99.00 99.00 99.00 999 1014.9  12.0  12.6 999.0 99.0 99.00
2018 03 14 16 06 120  3.6 99.0 99.00 99.00 99.00 999 1015.5  11.8  12.5 999.0 99.0 99.00
2018 03 14 17 06 160  4.1 99.0 99.00 99.00 99.00 999 1017.0  10.4  12.5 999.0 99.0 99.00
2018 03 14 18 06 130  6.2 99.0 99.00 99.00 99.00 999 1017.3  10.6  12.5 999.0 99.0 99.00
2018 03 14 19 06 160  6.2 99.0 99.00 99.00 99.00 999 1017.6  11.2  12.5 999.0 99.0 99.00
2018 03 14 20 06 180  4.6 99.0 99.00 99.00 99.00 999 1016.6  11.5  12.6 999.0 99.0 99.00
2018 03 14 21 06 200  3.1 99.0 99.00 99.00 99.00 999 1016.5  11.5  12.7 999.0 99.0 99.00
2018 03 14 22 06 220  4.1 99.0 99.00 99.00 99.00 999 1016.3  11.0  12.7 999.0 99.0 99.00
2018 03 14 23 06 210  2.6 99.0 99.00 99.00 99.00 999 1015.9  11.7  12.8 999.0 99.0 99.00
2018 03 15 00 06 250  5.1 99.0 99.00 99.00 99.00 999 1015.7  12.1  12.8 999.0 99.0 99.00
2018 03 15 01 06 260  5.1 99.0 99.00 99.00 99.00 999 1015.5  12.2  12.8 999.0 99.0 99.00
2018 03 15 02 16 280  4.6 99.0 99.00 99.00 99.00 999 1015.8  12.1  12.7 999.0 99.0 99.00
2018 03 15 03 06 280  4.6 99.0 99.00 99.00 99.00 999 1015.8  12.0  12.7 999.0 99.0 99.00
2018 03 15 04 06 300  5.7 99.0 99.00 99.00 99.00 999 1016.0  11.8  12.6 999.0 99.0 99.00
2018 03 15 05 06 320  6.7 99.0 99.00 99.00 99.00 999 1016.3  11.8  12.6 999.0 99.0 99.00
2018 03 15 06 06 320  7.2 99.0 99.00 99.00 99.00 999 1016.8  11.4  12.6 999.0 99.0 99.00
2018 03 15 07 06 330  8.8 99.0 99.00 99.00 99.00 999 1017.3  11.4  12.6 999.0 99.0 99.00
2018 03 15 08 06 320  7.7 99.0 99.00 99.00 99.00 999 1017.5  11.1  12.5 999.0 99.0 99.00
2018 03 15 09 06 350  6.7 99.0 99.00 99.00 99.00 999 1017.6  10.6  12.5 999.0 99.0 99.00
2018 03 15 10 06 330  5.1 99.0 99.00 99.00 99.00 999 1017.8  10.6  12.5 999.0 99.0 99.00
2018 03 15 11 06 350  4.1 99.0 99.00 99.00 99.00 999 1017.7  10.3  12.5 999.0 99.0 99.00
2018 03 15 12 06  20  2.6 99.0 99.00 99.00 99.00 999 1017.6  10.0  12.5 999.0 99.0 99.00
2018 03 15 13 06  40  1.5 99.0 99.00 99.00 99.00 999 1017.7  10.0  12.5 999.0 99.0 99.00
2018 03 15 14 06  50  1.5 99.0 99.00 99.00 99.00 999 1018.0   9.9  12.4 999.0 99.0 99.00
2018 03 15 15 06 100  4.1 99.0 99.00 99.00 99.00 999 1017.8  10.4  12.4 999.0 99.0 99.00
2018 03 15 16 06 110  3.1 99.0 99.00 99.00 99.00 999 1018.0  10.7  12.4 999.0 99.0 99.00
2018 03 15 17 06 160  4.1 99.0 99.00 99.00 99.00 999 1018.2  11.1  12.5 999.0 99.0 99.00
2018 03 15 18 06 170  4.1 99.0 99.00 99.00 99.00 999 1018.4  11.3  12.6 999.0 99.0 99.00
2018 03 15 19 06 180  6.2 99.0 99.00 99.00 99.00 999 1018.1  11.6  12.6 999.0 99.0 99.00
2018 03 15 20 06 180  7.2 99.0 99.00 99.00 99.00 999 1017.8  11.9  12.6 999.0 99.0 99.00
2018 03 15 21 06 190  9.3 99.0 99.00 99.00 99.00 999 1017.7  11.0  12.5 999.0 99.0 99.00
2018 03 15 22 06 190  7.2 99.0 99.00 99.00 99.00 999 1017.6  11.0  12.5 999.0 99.0 99.00
2018 03 15 23 06 190  7.7 99.0 99.00 99.00 99.00 999 1016.3  11.7  12.5 999.0 99.0 99.00
2018 03 16 00 26 190  8.2 99.0 99.00 99.00 99.00 999 1015.7  12.2  12.5 999.0 99.0 99.00
2018 03 16 01 26 190  9.3 99.0 99.00 99.00 99.00 999 1015.4  11.8  12.5 999.0 99.0 99.00
2018 03 16 02 26 180  9.3 99.0 99.00 99.00 99.00 999 1015.7  11.5  12.5 999.0 99.0 99.00
2018 03 16 03 26 180  9.8 99.0 99.00 99.00 99.00 999 1015.3  11.5  12.4 999.0 99.0 99.00
2018 03 16 04 26 200  7.2 99.0 99.00 99.00 99.00 999 1015.5  12.1  12.4 999.0 99.0 99.00
2018 03 16 05 26 200  8.2 99.0 99.00 99.00 99.00 999 1014.9  12.3  12.4 999.0 99.0 99.00
2018 03 16 06 26 190  8.8 99.0 99.00 99.00 99.00 999 1015.0  12.4  12.3 999.0 99.0 99.00
2018 03 16 07 26 180  9.3 99.0 99.00 99.00 99.00 999 1014.8  12.0  12.3 999.0 99.0 99.00
2018 03 16 08 26 210  6.2 99.0 99.00 99.00 99.00 999 1015.1  12.0  12.3 999.0 99.0 99.00
2018 03 16 09 26 210  6.2 99.0 99.00 99.00 99.00 999 1015.0  12.1  12.2 999.0 99.0 99.00
2018 03 16 10 26 210  6.7 99.0 99.00 99.00 99.00 999 1013.5  12.4  12.2 999.0 99.0 99.00
2018 03 16 11 26 240  6.2 99.0 99.00 99.00 99.00 999 1013.1  12.5  12.2 999.0 99.0 99.00
2018 03 16 12 06 260  4.6 99.0 99.00 99.00 99.00 999 1013.5  11.2  12.2 999.0 99.0 99.00
2018 03 16 13 06 210  4.6 99.0 99.00 99.00 99.00 999 1013.4  10.9  12.3 999.0 99.0 99.00
2018 03 16 14 06 230  3.1 99.0 99.00 99.00 99.00 999 1013.4  11.2  12.3 999.0 99.0 99.00
2018 03 16 15 06 290  8.8 99.0 99.00 99.00 99.00 999 1013.0  10.0  12.3 999.0 99.0 99.00
2018 03 16 16 06 290  5.1 99.0 99.00 99.00 99.00 999 1013.4  10.5  12.3 999.0 99.0 99.00
2018 03 16 17 06 250  4.1 99.0 99.00 99.00 99.00 999 1014.3  11.1  12.3 999.0 99.0 99.00
2018 03 16 18 06 230  4.1 99.0 99.00 99.00 99.00 999 1014.2  10.2  12.3 999.0 99.0 99.00
2018 03 16 19 06 260  6.2 99.0 99.00 99.00 99.00 999 1013.8  11.8  12.3 999.0 99.0 99.00
2018 03 16 20 26 290  8.2 99.0 99.00 99.00 99.00 999 1013.8  11.4  12.4 999.0 99.0 99.00
2018 03 16 21 26 260  5.7 99.0 99.00 99.00 99.00 999 1013.5  11.2  12.4 999.0 99.0 99.00
2018 03 16 22 26 270  7.2 99.0 99.00 99.00 99.00 999 1013.2  11.7  12.5 999.0 99.0 99.00
2018 03 16 23 26 270  7.2 99.0 99.00 99.00 99.00 999 1013.1  11.7  12.4 999.0 99.0 99.00
2018 03 17 00 26 270  5.7 99.0 99.00 99.00 99.00 999 1013.3  11.5  12.4 999.0 99.0 99.00
2018 03 17 01 26 280  6.7 99.0 99.00 99.00 99.00 999 1013.4  11.6  12.3 999.0 99.0 99.00
2018 03 17 02 26 270  5.7 99.0 99.00 99.00 99.00 999 1013.7  11.4  12.3 999.0 99.0 99.00
2018 03 17 03 26 280  5.7 99.0 99.00 99.00 99.00 999 1013.8  11.5  12.3 999.0 99.0 99.00
2018 03 17 04 26 250  6.2 99.0 99.00 99.00 99.00 999 1014.5  11.0  12.3 999.0 99.0 99.00
2018 03 17 05 26 270  5.1 99.0 99.00 99.00 99.00 999 1015.0  11.3  12.3 999.0 99.0 99.00
2018 03 17 06 26 240  7.2 99.0 99.00 99.00 99.00 999 1015.0  11.0  12.2 999.0 99.0 99.00
2018 03 17 07 26 270  7.7 99.0 99.00 99.00 99.00 999 1015.1  10.7  12.2 999.0 99.0 99.00
2018 03 17 08 06 250  4.1 99.0 99.00 99.00 99.00 999 1016.0  10.7  12.2 999.0 99.0 99.00
2018 03 17 09 06 230  3.1 99.0 99.00 99.00 99.00 999 1016.2  11.1  12.2 999.0 99.0 99.00
2018 03 17 10 06 250  2.6 99.0 99.00 99.00 99.00 999 1015.2  10.7  12.2 999.0 99.0 99.00
2018 03 17 11 06   0  0.0 99.0 99.00 99.00 99.00 999 1015.2  10.7  12.2 999.0 99.0 99.00
2018 03 17 12 06 100  4.1 99.0 99.00 99.00 99.00 999 1015.1  10.5  12.2 999.0 99.0 99.00
2018 03 17 13 06 140  2.6 99.0 99.00 99.00 99.00 999 1015.5   9.7  12.2 999.0 99.0 99.00
2018 03 17 14 06 150  5.1 99.0 99.00 99.00 99.00 999 1016.3   9.6  12.2 999.0 99.0 99.00
2018 03 17 15 06 140  5.1 99.0 99.00 99.00 99.00 999 1016.5   9.6  12.2 999.0 99.0 99.00
2018 03 17 16 06 120  6.2 99.0 99.00 99.00 99.00 999 1015.5   9.6  12.2 999.0 99.0 99.00
2018 03 17 17 06 120  5.7 99.0 99.00 99.00 99.00 999 1016.2   9.9  12.2 999.0 99.0 99.00
2018 03 17 18 06 100  4.1 99.0 99.00 99.00 99.00 999 1016.6  10.3  12.2 999.0 99.0 99.00
2018 03 17 19 06 110  2.1 99.0 99.00 99.00 99.00 999 1017.0  10.7  12.3 999.0 99.0 99.00
2018 03 17 20 06 150  1.5 99.0 99.00 99.00 99.00 999 1017.2  11.2  12.5 999.0 99.0 99.00
2018 03 17 21 06 260  3.1 99.0 99.00 99.00 99.00 999 1017.1  10.9  12.4 999.0 99.0 99.00
2018 03 17 22 06 270  3.6 99.0 99.00 99.00 99.00 999 1016.8  11.2  12.5 999.0 99.0 99.00
2018 03 17 23 06 260  5.7 99.0 99.00 99.00 99.00 999 1017.0  11.5  12.5 999.0 99.0 99.00
2018 03 18 00 06 280  6.2 99.0 99.00 99.00 99.00 999 1017.2  11.4  12.4 999.0 99.0 99.00
2018 03 18 01 06 300  6.2 99.0 99.00 99.00 99.00 999 1017.5  11.4  12.4 999.0 99.0 99.00
2018 03 18 02 06 300  5.7 99.0 99.00 99.00 99.00 999 1017.8  11.3  12.3 999.0 99.0 99.00
2018 03 18 03 06 310  5.1 99.0 99.00 99.00 99.00 999 1017.6  11.2  12.3 999.0 99.0 99.00
2018 03 18 04 06 310  4.6 99.0 99.00 99.00 99.00 999 1017.9  11.3  12.2 999.0 99.0 99.00
2018 03 18 05 06 320  4.1 99.0 99.00 99.00 99.00 999 1018.4  11.3  12.2 999.0 99.0 99.00
2018 03 18 06 06  20  3.1 99.0 99.00 99.00 99.00 999 1018.9  10.6  12.2 999.0 99.0 99.00
2018 03 18 07 06  10  1.5 99.0 99.00 99.00 99.00 999 1019.5  10.6  12.2 999.0 99.0 99.00
2018 03 18 08 06  20  2.1 99.0 99.00 99.00 99.00 999 1019.8  10.3  12.2 999.0 99.0 99.00
2018 03 18 09 06  30  2.6 99.0 99.00 99.00 99.00 999 1019.9  10.2  12.1 999.0 99.0 99.00
2018 03 18 10 06  40  4.6 99.0 99.00 99.00 99.00 999 1019.5  10.1  12.1 999.0 99.0 99.00
2018 03 18 11 06  60  3.6 99.0 99.00 99.00 99.00 999 1019.7   9.2  12.2 999.0 99.0 99.00
2018 03 18 12 06  40  3.1 99.0 99.00 99.00 99.00 999 1019.8   9.8  12.1 999.0 99.0 99.00
2018 03 18 13 06  50  5.1 99.0 99.00 99.00 99.00 999 1019.9   9.1  12.1 999.0 99.0 99.00
2018 03 18 14 06  50  4.6 99.0 99.00 99.00 99.00 999 1020.4   8.3  12.2 999.0 99.0 99.00
2018 03 18 15 06  60  4.6 99.0 99.00 99.00 99.00 999 1021.3   8.1  12.1 999.0 99.0 99.00
2018 03 18 16 06  40  4.6 99.0 99.00 99.00 99.00 999 1022.0   7.9  12.1 999.0 99.0 99.00
2018 03 18 17 06  40  5.7 99.0 99.00 99.00 99.00 999 1022.2   8.3  12.1 999.0 99.0 99.00
2018 03 18 18 06  50  4.6 99.0 99.00 99.00 99.00 999 1022.6   9.0  12.1 999.0 99.0 99.00
2018 03 18 19 06  40  3.1 99.0 99.00 99.00 99.00 999 1022.9   9.9  12.2 999.0 99.0 99.00
2018 03 18 20 06 360  2.1 99.0 99.00 99.00 99.00 999 1023.1  10.6  12.3 999.0 99.0 99.00
2018 03 18 21 06 290  2.1 99.0 99.00 99.00 99.00 999 1023.0  11.3  12.5 999.0 99.0 99.00
2018 03 18 22 06 280  3.6 99.0 99.00 99.00 99.00 999 1022.4  11.3  12.4 999.0 99.0 99.00
2018 03 18 23 06 290  3.6 99.0 99.00 99.00 99.00 999 1022.4  11.4  12.5 999.0 99.0 99.00
2018 03 19 00 06 300  4.1 99.0 99.00 99.00 99.00 999 1021.9  11.2  12.4 999.0 99.0 99.00
2018 03 19 01 06 330  2.6 99.0 99.00 99.00 99.00 999 1021.3  11.3  12.3 999.0 99.0 99.00
2018 03 19 02 06 350  2.1 99.0 99.00 99.00 99.00 999 1020.8  11.6  12.2 999.0 99.0 99.00
2018 03 19 03 06  40  1.5 99.0 99.00 99.00 99.00 999 1020.6  11.6  12.3 999.0 99.0 99.00
2018 03 19 04 06  60  2.1 99.0 99.00 99.00 99.00 999 1020.9  11.8  12.3 999.0 99.0 99.00
2018 03 19 05 06 330  1.5 99.0 99.00 99.00 99.00 999 1021.2  11.8  12.4 999.0 99.0 99.00
2018 03 19 06 06  40  2.6 99.0 99.00 99.00 99.00 999 1021.1  12.0  12.3 999.0 99.0 99.00
2018 03 19 07 06  20  4.6 99.0 99.00 99.00 99.00 999 1020.8  11.6  12.3 999.0 99.0 99.00
2018 03 19 08 06  50  5.1 99.0 99.00 99.00 99.00 999 1020.6  11.5  12.3 999.0 99.0 99.00
2018 03 19 09 06  70  4.1 99.0 99.00 99.00 99.00 999 1020.8  10.7  12.3 999.0 99.0 99.00
2018 03 19 10 06  60  4.1 99.0 99.00 99.00 99.00 999 1020.8  10.7  12.3 999.0 99.0 99.00
2018 03 19 11 06  50  5.7 99.0 99.00 99.00 99.00 999 1019.9  10.3  12.2 999.0 99.0 99.00
2018 03 19 12 06  60  6.7 99.0 99.00 99.00 99.00 999 1019.8   9.5  12.2 999.0 99.0 99.00
2018 03 19 13 06  40  8.2 99.0 99.00 99.00 99.00 999 1019.1   9.7  12.2 999.0 99.0 99.00
2018 03 19 14 06  40  6.7 99.0 99.00 99.00 99.00 999 1019.2   9.8  12.2 999.0 99.0 99.00
2018 03 19 15 06  50  5.1 99.0 99.00 99.00 99.00 999 1019.7   9.7  12.2 999.0 99.0 99.00
2018 03 19 16 06  40  6.7 99.0 99.00 99.00 99.00 999 1020.0   9.4  12.2 999.0 99.0 99.00
2018 03 19 17 06  50  7.7 99.0 99.00 99.00 99.00 999 1019.1  10.2  12.3 999.0 99.0 99.00
2018 03 19 18 06  50  5.1 99.0 99.00 99.00 99.00 999 1019.2  11.4  12.3 999.0 99.0 99.00
2018 03 19 19 06  40  6.7 99.0 99.00 99.00 99.00 999 1018.4  12.3  12.3 999.0 99.0 99.00
2018 03 19 20 06  40  4.6 99.0 99.00 99.00 99.00 999 1017.9  13.6  12.5 999.0 99.0 99.00
2018 03 19 21 06  30  1.5 99.0 99.00 99.00 99.00 999 1017.4  14.0  12.6 999.0 99.0 99.00
2018 03 19 22 06 220  3.6 99.0 99.00 99.00 99.00 999 1016.9  13.6  12.9 999.0 99.0 99.00
2018 03 19 23 06 230  4.6 99.0 99.00 99.00 99.00 999 1016.6  13.7  12.7 999.0 99.0 99.00
2018 03 20 00 06 220  4.1 99.0 99.00 99.00 99.00 999 1016.6  13.6  12.6 999.0 99.0 99.00
2018 03 20 01 06 250  4.6 99.0 99.00 99.00 99.00 999 1016.6  13.5  12.6 999.0 99.0 99.00
2018 03 20 02 06 220  3.6 99.0 99.00 99.00 99.00 999 1017.2  13.5  12.5 999.0 99.0 99.00
2018 03 20 03 06 250  3.1 99.0 99.00 99.00 99.00 999 1017.0  13.2  12.6 999.0 99.0 99.00
2018 03 20 04 06 200  1.0 99.0 99.00 99.00 99.00 999 1017.1  13.1  12.6 999.0 99.0 99.00
2018 03 20 05 06   0  0.0 99.0 99.00 99.00 99.00 999 1016.7  12.8  12.7 999.0 99.0 99.00
2018 03 20 06 06 130  2.1 99.0 99.00 99.00 99.00 999 1016.4  12.8  12.7 999.0 99.0 99.00
2018 03 20 07 06 110  3.6 99.0 99.00 99.00 99.00 999 1016.0  12.8  12.6 999.0 99.0 99.00
2018 03 20 08 06 170  2.6 99.0 99.00 99.00 99.00 999 1015.9  12.9  12.5 999.0 99.0 99.00
2018 03 20 09 06 310  2.1 99.0 99.00 99.00 99.00 999 1016.2  13.2  12.5 999.0 99.0 99.00
2018 03 20 10 06 240  4.1 99.0 99.00 99.00 99.00 999 1016.3  13.8  12.7 999.0 99.0 99.00
2018 03 20 11 06 220  0.5 99.0 99.00 99.00 99.00 999 1015.7  13.8  12.6 999.0 99.0 99.00
2018 03 20 12 06 130  1.0 99.0 99.00 99.00 99.00 999 1015.4  13.6  12.7 999.0 99.0 99.00
2018 03 20 13 06 150  0.5 99.0 99.00 99.00 99.00 999 1015.0  13.2  12.6 999.0 99.0 99.00
2018 03 20 14 06  30  1.5 99.0 99.00 99.00 99.00 999 1015.5  12.8  12.5 999.0 99.0 99.00
2018 03 20 15 06 190  1.5 99.0 99.00 99.00 99.00 999 1016.6  12.6  12.5 999.0 99.0 99.00
2018 03 20 16 06 170  1.0 99.0 99.00 99.00 99.00 999 1016.8  12.0  12.4 999.0 99.0 99.00
2018 03 20 17 06 120  4.1 99.0 99.00 99.00 99.00 999 1016.8  12.6  12.5 999.0 99.0 99.00
2018 03 20 18 06  70  4.6 99.0 99.00 99.00 99.00 999 1017.0  12.2  12.5 999.0 99.0 99.00
2018 03 20 19 06  40  6.7 99.0 99.00 99.00 99.00 999 1016.0  11.6  12.5 999.0 99.0 99.00
2018 03 20 20 06  60  5.7 99.0 99.00 99.00 99.00 999 1015.8  11.6  12.5 999.0 99.0 99.00
2018 03 20 21 06  40  6.2 99.0 99.00 99.00 99.00 999 1015.6  11.7  12.5 999.0 99.0 99.00
2018 03 20 22 06  80  8.2 99.0 99.00 99.00 99.00 999 1014.0  11.4  12.5 999.0 99.0 99.00
2018 03 20 23 06  70 13.9 99.0 99.00 99.00 99.00 999 1010.8  11.0  12.5 999.0 99.0 99.00
2018 03 21 00 06  90  9.3 99.0 99.00 99.00 99.00 999 1011.8  11.6  12.5 999.0 99.0 99.00
2018 03 21 01 06  50  4.1 99.0 99.00 99.00 99.00 999 1012.1  12.8  12.5 999.0 99.0 99.00
2018 03 21 02 05  80  6.7 99.0 99.00 99.00 99.00 999 1011.6  12.0  12.5 999.0 99.0 99.00
2018 03 21 03 05 100  7.2 99.0 99.00 99.00 99.00 999 1010.7  11.9  12.6 999.0 99.0 99.00
2018 03 21 04 05 160  5.1 99.0 99.00 99.00 99.00 999 1011.5  12.5  12.6 999.0 99.0 99.00
2018 03 21 05 05  90  7.2 99.0 99.00 99.00 99.00 999 1011.8  12.0  12.6 999.0 99.0 99.00
2018 03 21 06 05 150  2.1 99.0 99.00 99.00 99.00 999 1012.7  12.0  12.6 999.0 99.0 99.00
2018 03 21 07 05  60  4.6 99.0 99.00 99.00 99.00 999 1011.9  12.0  12.6 999.0 99.0 99.00
2018 03 21 08 25 170  4.6 99.0 99.00 99.00 99.00 999 1012.0  13.0  12.6 999.0 99.0 99.00
2018 03 21 09 25  50  2.6 99.0 99.00 99.00 99.00 999 1010.9  13.3  12.6 999.0 99.0 99.00
2018 03 21 10 25 150  3.6 99.0 99.00 99.00 99.00 999 1010.3  13.5  12.5 999.0 99.0 99.00
2018 03 21 11 25  30  1.5 99.0 99.00 99.00 99.00 999 1009.9  13.4  12.5 999.0 99.0 99.00
2018 03 21 12 25 150  2.1 99.0 99.00 99.00 99.00 999 1010.0  13.6  12.5 999.0 99.0 99.00
2018 03 21 13 25  40  2.1 99.0 99.00 99.00 99.00 999 1009.8  13.8  12.5 999.0 99.0 99.00
2018 03 21 14 25  70  3.6 99.0 99.00 99.00 99.00 999 1009.6  13.6  12.5 999.0 99.0 99.00
2018 03 21 15 25  80  1.0 99.0 99.00 99.00 99.00 999 1009.9  14.1  12.5 999.0 99.0 99.00
2018 03 21 16 25 160 10.3 99.0 99.00 99.00 99.00 999 1009.7  14.6  12.5 999.0 99.0 99.00
2018 03 21 17 25 170 11.8 99.0 99.00 99.00 99.00 999 1009.9  14.6  12.5 999.0 99.0 99.00
2018 03 21 18 25 170 11.3 99.0 99.00 99.00 99.00 999 1010.5  14.6  12.5 999.0 99.0 99.00
2018 03 21 19 25 170 11.3 99.0 99.00 99.00 99.00 999 1010.8  14.7  12.5 999.0 99.0 99.00
2018 03 21 20 05 170 10.8 99.0 99.00 99.00 99.00 999 1011.0  14.4  12.5 999.0 99.0 99.00
2018 03 21 21 05 180 10.8 99.0 99.00 99.00 99.00 999 1010.7  14.5  12.5 999.0 99.0 99.00
2018 03 21 22 06 170 10.3 99.0 99.00 99.00 99.00 999 1010.1  14.5  12.5 999.0 99.0 99.00
2018 03 21 23 05 180 10.8 99.0 99.00 99.00 99.00 999 1010.1  14.4  12.4 999.0 99.0 99.00
2018 03 22 00 05 180 10.3 99.0 99.00 99.00 99.00 999 1009.7  14.4  12.4 999.0 99.0 99.00
2018 03 22 01 05 180  8.2 99.0 99.00 99.00 99.00 999 1009.6  14.4  12.3 999.0 99.0 99.00
2018 03 22 02 05 180 10.3 99.0 99.00 99.00 99.00 999 1009.1  14.6  12.3 999.0 99.0 99.00
2018 03 22 03 05 170 10.3 99.0 99.00 99.00 99.00 999 1008.8  14.6  12.3 999.0 99.0 99.00
2018 03 22 04 05 170  9.8 99.0 99.00 99.00 99.00 999 1009.9  14.5  12.3 999.0 99.0 99.00
2018 03 22 05 05 160 12.4 99.0 99.00 99.00 99.00 999 1009.9  14.2  12.3 999.0 99.0 99.00
2018 03 22 06 05 140  8.2 99.0 99.00 99.00 99.00 999 1010.3  14.2  12.3 999.0 99.0 99.00
2018 03 22 07 05 170 10.3 99.0 99.00 99.00 99.00 999 1009.3  14.5  12.3 999.0 99.0 99.00
2018 03 22 08 05 160  8.8 99.0 99.00 99.00 99.00 999 1009.6  14.1  12.3 999.0 99.0 99.00
2018 03 22 09 05 160  9.8 99.0 99.00 99.00 99.00 999 1009.1  14.1  12.3 999.0 99.0 99.00
2018 03 22 10 05 160 10.8 99.0 99.00 99.00 99.00 999 1008.1  14.0  12.3 999.0 99.0 99.00
2018 03 22 11 05 160  9.8 99.0 99.00 99.00 99.00 999 1008.2  14.0  12.3 999.0 99.0 99.00
2018 03 22 12 05 170 13.4 99.0 99.00 99.00 99.00 999 1007.3  14.1  12.3 999.0 99.0 99.00
2018 03 22 13 05 170 10.8 99.0 99.00 99.00 99.00 999 1008.3  13.5  12.4 999.0 99.0 99.00
2018 03 22 14 05 180 11.8 99.0 99.00 99.00 99.00 999 1008.4  13.6  12.4 999.0 99.0 99.00
2018 03 22 15 05 180 10.3 99.0 99.00 99.00 99.00 999 1008.5  13.5  12.4 999.0 99.0 99.00
2018 03 22 16 05 180 10.3 99.0 99.00 99.00 99.00 999 1009.7  13.5  12.4 999.0 99.0 99.00
2018 03 22 17 05 190  8.8 99.0 99.00 99.00 99.00 999 1010.3  13.6  12.5 999.0 99.0 99.00
2018 03 22 18 05 190  7.2 99.0 99.00 99.00 99.00 999 1011.9  13.6  12.5 999.0 99.0 99.00
2018 03 22 19 05 190  7.2 99.0 99.00 99.00 99.00 999 1012.3  13.5  12.5 999.0 99.0 99.00
2018 03 22 20 05 300  8.8 99.0 99.00 99.00 99.00 999 1012.7  12.0  12.6 999.0 99.0 99.00
2018 03 22 21 05 310 11.3 99.0 99.00 99.00 99.00 999 1012.7  11.8  12.6 999.0 99.0 99.00
2018 03 22 22 06 300 12.4 99.0 99.00 99.00 99.00 999 1013.9  11.9  12.6 999.0 99.0 99.00
2018 03 22 23 05 310 10.8 99.0 99.00 99.00 99.00 999 1014.6  11.8  12.6 999.0 99.0 99.00
2018 03 23 00 05 310  9.3 99.0 99.00 99.00 99.00 999 1015.2  11.7  12.5 999.0 99.0 99.00
2018 03 23 01 05 300 10.3 99.0 99.00 99.00 99.00 999 1016.0  11.6  12.5 999.0 99.0 99.00
2018 03 23 02 05 300 10.3 99.0 99.00 99.00 99.00 999 1017.3  11.3  12.5 999.0 99.0 99.00
2018 03 23 03 05 310  8.2 99.0 99.00 99.00 99.00 999 1018.4  11.4  12.5 999.0 99.0 99.00
2018 03 23 04 05 310  8.2 99.0 99.00 99.00 99.00 999 1019.5  11.2  12.5 999.0 99.0 99.00
2018 03 23 05 05 300  7.7 99.0 99.00 99.00 99.00 999 1020.3  11.1  12.5 999.0 99.0 99.00
2018 03 23 06 05 310  7.7 99.0 99.00 99.00 99.00 999 1020.7  11.1  12.5 999.0 99.0 99.00
2018 03 23 07 05  20  4.1 99.0 99.00 99.00 99.00 999 1021.1  10.6  12.5 999.0 99.0 99.00
2018 03 23 08 05  30  3.1 99.0 99.00 99.00 99.00 999 1021.2  10.3  12.5 999.0 99.0 99.00
2018 03 23 09 05  10  3.1 99.0 99.00 99.00 99.00 999 1022.0  10.1  12.5 999.0 99.0 99.00
2018 03 23 10 05 360  2.1 99.0 99.00 99.00 99.00 999 1022.7  10.2  12.5 999.0 99.0 99.00
2018 03 23 11 05 340  2.1 99.0 99.00 99.00 99.00 999 1023.0  10.2  12.5 999.0 99.0 99.00
2018 03 23 12 05 350  2.1 99.0 99.00 99.00 99.00 999 1023.2  10.1  12.5 999.0 99.0 99.00
2018 03 23 13 05  50  3.6 99.0 99.00 99.00 99.00 999 1023.5  10.0  12.5 999.0 99.0 99.00
2018 03 23 14 05  70  3.6 99.0 99.00 99.00 99.00 999 1023.7   9.2  12.5 999.0 99.0 99.00
2018 03 23 15 05  50  4.1 99.0 99.00 99.00 99.00 999 1024.1   9.2  12.5 999.0 99.0 99.00
2018 03 23 16 05  70  4.1 99.0 99.00 99.00 99.00 999 1024.3  10.2  12.5 999.0 99.0 99.00
2018 03 23 17 05  70  3.1 99.0 99.00 99.00 99.00 999 1024.2  10.5  12.6 999.0 99.0 99.00
2018 03 23 18 05 100  3.1 99.0 99.00 99.00 99.00 999 1024.4  10.6  12.7 999.0 99.0 99.00
2018 03 23 19 05  70  2.1 99.0 99.00 99.00 99.00 999 1023.9  11.1  12.8 999.0 99.0 99.00
2018 03 23 20 05 280  1.5 99.0 99.00 99.00 99.00 999 1023.5  11.4  13.1 999.0 99.0 99.00
2018 03 23 21 05 270  3.6 99.0 99.00 99.00 99.00 999 1023.1  11.7  13.4 999.0 99.0 99.00
2018 03 23 22 06 270  5.1 99.0 99.00 99.00 99.00 999 1022.5  12.0  13.1 999.0 99.0 99.00
2018 03 23 23 05 260  5.7 99.0 99.00 99.00 99.00 999 1021.7  12.0  13.0 999.0 99.0 99.00
2018 03 24 00 05 260  6.2 99.0 99.00 99.00 99.00 999 1021.5  12.2  12.9 999.0 99.0 99.00
2018 03 24 01 05 260  6.2 99.0 99.00 99.00 99.00 999 1021.3  12.3  12.8 999.0 99.0 99.00
2018 03 24 02 05 270  6.7 99.0 99.00 99.00 99.00 999 1021.2  12.3  12.7 999.0 99.0 99.00
2018 03 24 03 05 260  6.2 99.0 99.00 99.00 99.00 999 1021.2  12.1  12.7 999.0 99.0 99.00
2018 03 24 04 05 260  4.6 99.0 99.00 99.00 99.00 999 1021.3  12.1  12.7 999.0 99.0 99.00
2018 03 24 05 05 260  3.6 99.0 99.00 99.00 99.00 999 1021.3  12.2  12.7 999.0 99.0 99.00
2018 03 24 06 05 250  2.6 99.0 99.00 99.00 99.00 999 1021.3  12.3  12.6 999.0 99.0 99.00
2018 03 24 07 05 210  2.1 99.0 99.00 99.00 99.00 999 1021.0  12.4  12.6 999.0 99.0 99.00
2018 03 24 08 05 210  2.1 99.0 99.00 99.00 99.00 999 1020.3  12.2  12.6 999.0 99.0 99.00
2018 03 24 09 05 150  3.6 99.0 99.00 99.00 99.00 999 1019.8  11.5  12.5 999.0 99.0 99.00
2018 03 24 10 05 140  4.1 99.0 99.00 99.00 99.00 999 1019.1  11.7  12.5 999.0 99.0 99.00
2018 03 24 11 05 160  4.6 99.0 99.00 99.00 99.00 999 1018.4  11.8  12.5 999.0 99.0 99.00
2018 03 24 12 05 250  1.5 99.0 99.00 99.00 99.00 999 1019.3  10.8  12.5 999.0 99.0 99.00
2018 03 24 13 05 190  1.5 99.0 99.00 99.00 99.00 999 1019.2  11.2  12.5 999.0 99.0 99.00
2018 03 24 14 05 130  3.1 99.0 99.00 99.00 99.00 999 1019.0  10.9  12.5 999.0 99.0 99.00
2018 03 24 15 05 160  3.1 99.0 99.00 99.00 99.00 999 1019.4  11.0  12.5 999.0 99.0 99.00
2018 03 24 16 05 200  4.1 99.0 99.00 99.00 99.00 999 1019.8  11.4  12.5 999.0 99.0 99.00
2018 03 24 17 05 190  4.1 99.0 99.00 99.00 99.00 999 1019.0  11.3  12.5 999.0 99.0 99.00
2018 03 24 18 05 190  4.1 99.0 99.00 99.00 99.00 999 1019.1  11.8  12.6 999.0 99.0 99.00
2018 03 24 19 05 210  5.1 99.0 99.00 99.00 99.00 999 1019.0  11.9  12.6 999.0 99.0 99.00
2018 03 24 20 05 210  4.1 99.0 99.00 99.00 99.00 999 1019.1  11.8  12.7 999.0 99.0 99.00
2018 03 24 21 05 270  6.7 99.0 99.00 99.00 99.00 999 1019.7   9.4  12.5 999.0 99.0 99.00
2018 03 24 22 06 270  4.6 99.0 99.00 99.00 99.00 999 1019.5  11.1  12.6 999.0 99.0 99.00
2018 03 24 23 05 260  4.6 99.0 99.00 99.00 99.00 999 1018.4  11.4  12.7 999.0 99.0 99.00
2018 03 25 00 05 270  5.7 99.0 99.00 99.00 99.00 999 1018.4  11.6  12.7 999.0 99.0 99.00
2018 03 25 01 05 270  4.6 99.0 99.00 99.00 99.00 999 1018.4  11.5  12.6 999.0 99.0 99.00
2018 03 25 02 05 280  4.1 99.0 99.00 99.00 99.00 999 1018.5  11.5  12.6 999.0 99.0 99.00
2018 03 25 03 05 270  4.1 99.0 99.00 99.00 99.00 999 1018.5  11.6  12.6 999.0 99.0 99.00
2018 03 25 04 05 270  3.6 99.0 99.00 99.00 99.00 999 1018.9  11.6  12.6 999.0 99.0 99.00
2018 03 25 05 05 240  3.6 99.0 99.00 99.00 99.00 999 1019.3  11.6  12.6 999.0 99.0 99.00
2018 03 25 06 05 240  4.6 99.0 99.00 99.00 99.00 999 1019.2  11.5  12.5 999.0 99.0 99.00
2018 03 25 07 05 280  4.1 99.0 99.00 99.00 99.00 999 1019.4  11.4  12.5 999.0 99.0 99.00
2018 03 25 08 05 280  2.1 99.0 99.00 99.00 99.00 999 1020.6  10.2  12.5 999.0 99.0 99.00
2018 03 25 09 05  10  2.6 99.0 99.00 99.00 99.00 999 1020.5   9.6  12.5 999.0 99.0 99.00
2018 03 25 10 05  10  2.6 99.0 99.00 99.00 99.00 999 1020.3   9.8  12.5 999.0 99.0 99.00
2018 03 25 11 05 320  2.1 99.0 99.00 99.00 99.00 999 1020.3   9.9  12.5 999.0 99.0 99.00
2018 03 25 12 05  20  2.6 99.0 99.00 99.00 99.00 999 1019.8   9.6  12.5 999.0 99.0 99.00
2018 03 25 13 05  20  3.6 99.0 99.00 99.00 99.00 999 1019.7   9.5  12.4 999.0 99.0 99.00
2018 03 25 14 05  30  3.1 99.0 99.00 99.00 99.00 999 1019.9   9.5  12.4 999.0 99.0 99.00
2018 03 25 15 05  40  2.6 99.0 99.00 99.00 99.00 999 1020.6   9.8  12.4 999.0 99.0 99.00
2018 03 25 16 05  20  2.1 99.0 99.00 99.00 99.00 999 1021.6   9.7  12.5 999.0 99.0 99.00
2018 03 25 17 05  50  3.6 99.0 99.00 99.00 99.00 999 1022.2   9.2  12.5 999.0 99.0 99.00
2018 03 25 18 05 140  1.5 99.0 99.00 99.00 99.00 999 1022.2  10.2  12.6 999.0 99.0 99.00
2018 03 25 19 05 250  1.5 99.0 99.00 99.00 99.00 999 1022.3  10.4  12.7 999.0 99.0 99.00
2018 03 25 20 05 280  3.6 99.0 99.00 99.00 99.00 999 1022.1  10.9  13.1 999.0 99.0 99.00
2018 03 25 21 05 290  5.1 99.0 99.00 99.00 99.00 999 1021.7  11.4  13.0 999.0 99.0 99.00
2018 03 25 22 06 290  8.8 99.0 99.00 99.00 99.00 999 1020.9  11.7  12.8 999.0 99.0 99.00
2018 03 25 23 05 310  9.3 99.0 99.00 99.00 99.00 999 1020.6  11.5  12.7 999.0 99.0 99.00
2018 03 26 00 05 300 11.8 99.0 99.00 99.00 99.00 999 1020.0  11.5  12.5 999.0 99.0 99.00
2018 03 26 01 05 300 10.8 99.0 99.00 99.00 99.00 999 1019.9  11.5  12.6 999.0 99.0 99.00
2018 03 26 02 05 310 10.8 99.0 99.00 99.00 99.00 999 1019.8  11.5  12.6 999.0 99.0 99.00
2018 03 26 03 05 310 11.8 99.0 99.00 99.00 99.00 999 1019.7  11.3  12.6 999.0 99.0 99.00
2018 03 26 04 25 320 10.3 99.0 99.00 99.00 99.00 999 1020.6  11.2  12.5 999.0 99.0 99.00
2018 03 26 05 25 320  9.8 99.0 99.00 99.00 99.00 999 1020.9  11.2  12.5 999.0 99.0 99.00
2018 03 26 06 25 330  8.8 99.0 99.00 99.00 99.00 999 1021.1  11.0  12.5 999.0 99.0 99.00
2018 03 26 07 25 330  9.3 99.0 99.00 99.00 99.00 999 1021.0  11.2  12.4 999.0 99.0 99.00
2018 03 26 08 25 330  7.7 99.0 99.00 99.00 99.00 999 1021.2  11.2  12.4 999.0 99.0 99.00
2018 03 26 09 25 330  8.2 99.0 99.00 99.00 99.00 999 1021.4  11.0  12.4 999.0 99.0 99.00
2018 03 26 10 25 350  3.6 99.0 99.00 99.00 99.00 999 1021.2  10.7  12.4 999.0 99.0 99.00
2018 03 26 11 25 340  3.6 99.0 99.00 99.00 99.00 999 1021.0  10.5  12.4 999.0 99.0 99.00
2018 03 26 12 25 330  5.1 99.0 99.00 99.00 99.00 999 1021.0  10.6  12.4 999.0 99.0 99.00
2018 03 26 13 25 350  6.2 99.0 99.00 99.00 99.00 999 1021.2  10.7  12.4 999.0 99.0 99.00
2018 03 26 14 25 330  5.7 99.0 99.00 99.00 99.00 999 1021.6  10.5  12.4 999.0 99.0 99.00
2018 03 26 15 25 340  5.7 99.0 99.00 99.00 99.00 999 1022.2  11.0  12.4 999.0 99.0 99.00
2018 03 26 16 05 350  4.1 99.0 99.00 99.00 99.00 999 1022.5  10.9  12.4 999.0 99.0 99.00
2018 03 26 17 05 310  7.2 99.0 99.00 99.00 99.00 999 1022.8  11.7  12.4 999.0 99.0 99.00
2018 03 26 18 05 300  8.8 99.0 99.00 99.00 99.00 999 1023.1  11.7  12.4 999.0 99.0 99.00
2018 03 26 19 05 300  8.8 99.0 99.00 99.00 99.00 999 1022.8  11.9  12.4 999.0 99.0 99.00
2018 03 26 20 05 300  8.8 99.0 99.00 99.00 99.00 999 1022.4  12.0  12.4 999.0 99.0 99.00
2018 03 26 21 05 300 10.3 99.0 99.00 99.00 99.00 999 1021.9  12.1  12.4 999.0 99.0 99.00
2018 03 26 22 06 310 11.3 99.0 99.00 99.00 99.00 999 1021.3  12.1  12.4 999.0 99.0 99.00
2018 03 26 23 05 310 10.8 99.0 99.00 99.00 99.00 999 1021.2  12.0  12.4 999.0 99.0 99.00
2018 03 27 00 05 310  9.8 99.0 99.00 99.00 99.00 999 1020.9  12.1  12.4 999.0 99.0 99.00
2018 03 27 01 05 310 10.3 99.0 99.00 99.00 99.00 999 1020.9  12.2  12.4 999.0 99.0 99.00
2018 03 27 02 05 310 10.8 99.0 99.00 99.00 99.00 999 1021.0  12.4  12.4 999.0 99.0 99.00
2018 03 27 03 05 310 10.3 99.0 99.00 99.00 99.00 999 1021.4  12.4  12.4 999.0 99.0 99.00
2018 03 27 04 05 310  9.3 99.0 99.00 99.00 99.00 999 1022.0  12.3  12.4 999.0 99.0 99.00
2018 03 27 05 05 320  7.7 99.0 99.00 99.00 99.00 999 1022.5  12.4  12.4 999.0 99.0 99.00
2018 03 27 06 05 320  6.2 99.0 99.00 99.00 99.00 999 1022.7  12.4  12.4 999.0 99.0 99.00
2018 03 27 07 05 320  6.2 99.0 99.00 99.00 99.00 999 1022.7  12.3  12.4 999.0 99.0 99.00
2018 03 27 08 05 320  5.7 99.0 99.00 99.00 99.00 999 1022.5  12.1  12.4 999.0 99.0 99.00
2018 03 27 09 05  10  4.1 99.0 99.00 99.00 99.00 999 1022.4  12.0  12.4 999.0 99.0 99.00
2018 03 27 10 05 360  3.6 99.0 99.00 99.00 99.00 999 1022.2  11.0  12.3 999.0 99.0 99.00
2018 03 27 11 05  20  2.6 99.0 99.00 99.00 99.00 999 1022.3  10.9  12.4 999.0 99.0 99.00
2018 03 27 12 05  30  3.1 99.0 99.00 99.00 99.00 999 1022.2  11.2  12.4 999.0 99.0 99.00
2018 03 27 13 05  50  4.6 99.0 99.00 99.00 99.00 999 1022.6  10.3  12.3 999.0 99.0 99.00
2018 03 27 14 05  90  3.6 99.0 99.00 99.00 99.00 999 1022.8  11.0  12.3 999.0 99.0 99.00
2018 03 27 15 05  80  3.6 99.0 99.00 99.00 99.00 999 1023.6  10.7  12.3 999.0 99.0 99.00
2018 03 27 16 05 110  1.5 99.0 99.00 99.00 99.00 999 1024.0  11.0  12.4 999.0 99.0 99.00
2018 03 27 17 05  80  1.5 99.0 99.00 99.00 99.00 999 1024.4  11.2  12.4 999.0 99.0 99.00
2018 03 27 18 05 110  1.0 99.0 99.00 99.00 99.00 999 1024.7  12.0  12.5 999.0 99.0 99.00
2018 03 27 19 05 280  2.1 99.0 99.00 99.00 99.00 999 1024.5  12.3  12.7 999.0 99.0 99.00
2018 03 27 20 05 280  4.6 99.0 99.00 99.00 99.00 999 1023.8  12.4  12.9 999.0 99.0 99.00
2018 03 27 21 05 300  4.1 99.0 99.00 99.00 99.00 999 1023.0  12.9  13.2 999.0 99.0 99.00
2018 03 27 22 06 300  4.6 99.0 99.00 99.00 99.00 999 1022.2  13.2  13.1 999.0 99.0 99.00
2018 03 27 23 05 300  6.2 99.0 99.00 99.00 99.00 999 1021.6  13.2  13.1 999.0 99.0 99.00
2018 03 28 00 05 290  5.7 99.0 99.00 99.00 99.00 999 1021.0  13.1  13.1 999.0 99.0 99.00
2018 03 28 01 05 300  6.7 99.0 99.00 99.00 99.00 999 1020.6  13.2  12.9 999.0 99.0 99.00
2018 03 28 02 05 300  6.7 99.0 99.00 99.00 99.00 999 1020.3  13.2  12.9 999.0 99.0 99.00
2018 03 28 03 05 320  7.2 99.0 99.00 99.00 99.00 999 1020.5  13.0  12.8 999.0 99.0 99.00
2018 03 28 04 05 330  6.7 99.0 99.00 99.00 99.00 999 1021.0  13.1  12.8 999.0 99.0 99.00
2018 03 28 05 05 320  4.6 99.0 99.00 99.00 99.00 999 1021.3  13.0  12.7 999.0 99.0 99.00
2018 03 28 06 05 320  5.7 99.0 99.00 99.00 99.00 999 1021.6  12.9  12.7 999.0 99.0 99.00
2018 03 28 07 05 330  5.1 99.0 99.00 99.00 99.00 999 1021.5  12.6  12.7 999.0 99.0 99.00
2018 03 28 08 05 310  4.1 99.0 99.00 99.00 99.00 999 1021.3  12.6  12.7 999.0 99.0 99.00
2018 03 28 09 05 350  2.1 99.0 99.00 99.00 99.00 999 1021.0  12.2  12.6 999.0 99.0 99.00
2018 03 28 10 05  10  2.6 99.0 99.00 99.00 99.00 999 1021.0  12.0  12.6 999.0 99.0 99.00
2018 03 28 11 05  70  2.6 99.0 99.00 99.00 99.00 999 1020.9  11.4  12.7 999.0 99.0 99.00
2018 03 28 12 05  50  1.0 99.0 99.00 99.00 99.00 999 1021.0  10.6  12.6 999.0 99.0 99.00
2018 03 28 13 05 110  1.5 99.0 99.00 99.00 99.00 999 1021.3  10.5  12.7 999.0 99.0 99.00
2018 03 28 14 05  90  3.1 99.0 99.00 99.00 99.00 999 1021.3  10.6  12.6 999.0 99.0 99.00
2018 03 28 15 05  60  4.1 99.0 99.00 99.00 99.00 999 1021.9  10.8  12.6 999.0 99.0 99.00
2018 03 28 16 05  40  4.6 99.0 99.00 99.00 99.00 999 1022.3  11.0  12.7 999.0 99.0 99.00
2018 03 28 17 15  30  3.1 99.0 99.00 99.00 99.00 999 1021.7  11.9  12.7 999.0 99.0 99.00
2018 03 28 18 15 340  3.6 99.0 99.00 99.00 99.00 999 1021.5  12.1  12.9 999.0 99.0 99.00
2018 03 28 19 15 310  4.1 99.0 99.00 99.00 99.00 999 1021.3  12.5  13.0 999.0 99.0 99.00
2018 03 28 20 15 280  3.1 99.0 99.00 99.00 99.00 999 1020.4  12.7  13.1 999.0 99.0 99.00
2018 03 28 21 05 300  5.7 99.0 99.00 99.00 99.00 999 1019.8  13.3  13.2 999.0 99.0 99.00
2018 03 28 22 06 300  5.7 99.0 99.00 99.00 99.00 999 1019.1  13.5  13.1 999.0 99.0 99.00
2018 03 28 23 05 290  6.7 99.0 99.00 99.00 99.00 999 1018.7  13.5  13.1 999.0 99.0 99.00
2018 03 29 00 05 280  5.1 99.0 99.00 99.00 99.00 999 1018.4  13.7  13.0 999.0 99.0 99.00
2018 03 29 01 05 270  5.7 99.0 99.00 99.00 99.00 999 1018.1  14.0  13.0 999.0 99.0 99.00
2018 03 29 02 05 230  3.1 99.0 99.00 99.00 99.00 999 1018.3  14.5  13.3 999.0 99.0 99.00
2018 03 29 03 05 240  2.1 99.0 99.00 99.00 99.00 999 1017.9  14.4  13.1 999.0 99.0 99.00
2018 03 29 04 25  60  1.5 99.0 99.00 99.00 99.00 999 1018.4  13.6  13.1 999.0 99.0 99.00
2018 03 29 05 25 100  2.6 99.0 99.00 99.00 99.00 999 1018.9  13.4  13.0 999.0 99.0 99.00
2018 03 29 06 25  50  2.1 99.0 99.00 99.00 99.00 999 1018.9  13.2  13.0 999.0 99.0 99.00
2018 03 29 07 25   0  0.0 99.0 99.00 99.00 99.00 999 1018.7  13.0  13.0 999.0 99.0 99.00
2018 03 29 08 25 300  2.1 99.0 99.00 99.00 99.00 999 1018.6  13.2  13.0 999.0 99.0 99.00
2018 03 29 09 25 320  1.5 99.0 99.00 99.00 99.00 999 1018.3  12.8  12.9 999.0 99.0 99.00
2018 03 29 10 25 310  1.5 99.0 99.00 99.00 99.00 999 1017.9  12.8  12.9 999.0 99.0 99.00
2018 03 29 11 25  30  1.0 99.0 99.00 99.00 99.00 999 1017.7  12.7  12.8 999.0 99.0 99.00
2018 03 29 12 25 320  1.5 99.0 99.00 99.00 99.00 999 1017.8  12.6  12.7 999.0 99.0 99.00
2018 03 29 13 25  50  0.5 99.0 99.00 99.00 99.00 999 1018.1  12.3  12.7 999.0 99.0 99.00
2018 03 29 14 25  10  3.1 99.0 99.00 99.00 99.00 999 1018.2  12.5  12.6 999.0 99.0 99.00
2018 03 29 15 25  70  4.1 99.0 99.00 99.00 99.00 999 1018.8  12.7  12.6 999.0 99.0 99.00
2018 03 29 16 15  90  4.6 99.0 99.00 99.00 99.00 999 1019.3  13.1  12.7 999.0 99.0 99.00
2018 03 29 17 05  80  4.6 99.0 99.00 99.00 99.00 999 1018.7  13.6  12.8 999.0 99.0 99.00
2018 03 29 18 05  20  2.1 99.0 99.00 99.00 99.00 999 1019.0  14.3  12.9 999.0 99.0 99.00
2018 03 29 19 05  20  3.1 99.0 99.00 99.00 99.00 999 1018.3  15.6  13.4 999.0 99.0 99.00
2018 03 29 20 05 320  3.6 99.0 99.00 99.00 99.00 999 1018.1  15.4  13.7 999.0 99.0 99.00
2018 03 29 21 05 310  4.6 99.0 99.00 99.00 99.00 999 1017.8  14.3  13.3 999.0 99.0 99.00
2018 03 29 22 06 300  6.7 99.0 99.00 99.00 99.00 999 1017.4  14.6  13.6 999.0 99.0 99.00
2018 03 29 23 05 290  5.1 99.0 99.00 99.00 99.00 999 1016.9  14.9  13.3 999.0 99.0 99.00
2018 03 30 00 05 290  3.6 99.0 99.00 99.00 99.00 999 1016.9  15.1  13.4 999.0 99.0 99.00
2018 03 30 01 05 270  3.6 99.0 99.00 99.00 99.00 999 1016.7  14.8  13.4 999.0 99.0 99.00
2018 03 30 02 05 240  1.5 99.0 99.00 99.00 99.00 999 1016.4  15.1  13.7 999.0 99.0 99.00
2018 03 30 03 05 150  2.1 99.0 99.00 99.00 99.00 999 1016.2  14.1  13.5 999.0 99.0 99.00
2018 03 30 04 05 150  0.5 99.0 99.00 99.00 99.00 999 1016.7  14.2  13.2 999.0 99.0 99.00
2018 03 30 05 05 140  1.0 99.0 99.00 99.00 99.00 999 1017.2  13.6  13.4 999.0 99.0 99.00
2018 03 30 06 05  70  2.1 99.0 99.00 99.00 99.00 999 1017.3  13.6  13.3 999.0 99.0 99.00
2018 03 30 07 05  50  1.5 99.0 99.00 99.00 99.00 999 1017.4  13.5  13.3 999.0 99.0 99.00
2018 03 30 08 05 330  2.6 99.0 99.00 99.00 99.00 999 1017.7  13.4  13.1 999.0 99.0 99.00
2018 03 30 09 05 360  2.1 99.0 99.00 99.00 99.00 999 1017.7  13.4  13.1 999.0 99.0 99.00
2018 03 30 10 05  10  1.5 99.0 99.00 99.00 99.00 999 1017.6  13.3  13.0 999.0 99.0 99.00
2018 03 30 11 05 320  2.1 99.0 99.00 99.00 99.00 999 1017.5  13.2  13.0 999.0 99.0 99.00
2018 03 30 12 05  20  2.1 99.0 99.00 99.00 99.00 999 1017.1  13.2  13.0 999.0 99.0 99.00
2018 03 30 13 05  30  2.6 99.0 99.00 99.00 99.00 999 1017.1  13.4  12.8 999.0 99.0 99.00
2018 03 30 14 05  60  3.6 99.0 99.00 99.00 99.00 999 1017.5  13.2  12.5 999.0 99.0 99.00
2018 03 30 15 05  80  6.2 99.0 99.00 99.00 99.00 999 1017.9  13.3  12.5 999.0 99.0 99.00
2018 03 30 16 05  70  4.6 99.0 99.00 99.00 99.00 999 1018.1  13.7  12.5 999.0 99.0 99.00
2018 03 30 17 05  70  4.6 99.0 99.00 99.00 99.00 999 1018.2  14.8  12.5 999.0 99.0 99.00
2018 03 30 18 05  40  2.6 99.0 99.00 99.00 99.00 999 1018.6  14.8  12.7 999.0 99.0 99.00
2018 03 30 19 05  30  2.1 99.0 99.00 99.00 99.00 999 1018.4  15.2  12.8 999.0 99.0 99.00
2018 03 30 20 05 320  3.1 99.0 99.00 99.00 99.00 999 1018.2  15.3  12.9 999.0 99.0 99.00
2018 03 30 21 05 300  3.6 99.0 99.00 99.00 99.00 999 1017.7  14.2  13.3 999.0 99.0 99.00
2018 03 30 22 06 260  3.1 99.0 99.00 99.00 99.00 999 1017.4  14.6  13.5 999.0 99.0 99.00
2018 03 30 23 05 280  4.1 99.0 99.00 99.00 99.00 999 1016.9  14.4  13.3 999.0 99.0 99.00
2018 03 31 00 15 280  4.6 99.0 99.00 99.00 99.00 999 1016.6  14.7  13.1 999.0 99.0 99.00
2018 03 31 01 05 260  3.6 99.0 99.00 99.00 99.00 999 1016.6  14.8  13.4 999.0 99.0 99.00
2018 03 31 02 05 260  3.6 99.0 99.00 99.00 99.00 999 1016.4  14.6  13.4 999.0 99.0 99.00
2018 03 31 03 05 260  3.6 99.0 99.00 99.00 99.00 999 1016.6  14.3  13.2 999.0 99.0 99.00
2018 03 31 04 05 240  3.6 99.0 99.00 99.00 99.00 999 1017.0  14.1  13.2 999.0 99.0 99.00
2018 03 31 05 05 180  1.5 99.0 99.00 99.00 99.00 999 1017.3  13.8  13.0 999.0 99.0 99.00
2018 03 31 06 05 190  1.0 99.0 99.00 99.00 99.00 999 1017.1  13.5  12.8 999.0 99.0 99.00
2018 03 31 07 05 200  0.5 99.0 99.00 99.00 99.00 999 1017.1  13.3  13.0 999.0 99.0 99.00
2018 03 31 08 05 140  0.5 99.0 99.00 99.00 99.00 999 1017.1  13.2  12.9 999.0 99.0 99.00
2018 03 31 09 05 130  1.0 99.0 99.00 99.00 99.00 999 1017.0  13.0  12.9 999.0 99.0 99.00
2018 03 31 10 05 120  1.0 99.0 99.00 99.00 99.00 999 1016.7  13.2  13.0 999.0 99.0 99.00
2018 03 31 11 05 100  0.5 99.0 99.00 99.00 99.00 999 1016.3  13.4  13.4 999.0 99.0 99.00
2018 03 31 12 05  90  1.0 99.0 99.00 99.00 99.00 999 1016.6  13.4  13.3 999.0 99.0 99.00
2018 03 31 13 05 330  3.1 99.0 99.00 99.00 99.00 999 1016.4  13.3  13.3 999.0 99.0 99.00
2018 03 31 14 05 320  4.1 99.0 99.00 99.00 99.00 999 1016.7  12.4  13.3 999.0 99.0 99.00
2018 03 31 15 05 320  3.6 99.0 99.00 99.00 99.00 999 1017.5  11.6  12.9 999.0 99.0 99.00
2018 03 31 16 05 320  3.1 99.0 99.00 99.00 99.00 999 1018.1  12.8  12.9 999.0 99.0 99.00
2018 03 31 17 05 320  3.6 99.0 99.00 99.00 99.00 999 1017.4  13.3  13.1 999.0 99.0 99.00
2018 03 31 18 05 310  5.1 99.0 99.00 99.00 99.00 999 1017.8  12.4  13.3 999.0 99.0 99.00
2018 03 31 19 05 310  5.1 99.0 99.00 99.00 99.00 999 1017.8  12.3  13.5 999.0 99.0 99.00
2018 03 31 20 05 300  5.1 99.0 99.00 99.00 99.00 999 1017.7  12.4  13.5 999.0 99.0 99.00
2018 03 31 21 05 300  6.7 99.0 99.00 99.00 99.00 999 1017.4  12.1  13.3 999.0 99.0 99.00
2018 03 31 22 06 290  6.7 99.0 99.00 99.00 99.00 999 1017.1  12.3  13.2 999.0 99.0 99.00
2018 03 31 23 05 290  6.7 99.0 99.00 99.00 99.00 999 1016.7  12.3  13.1 999.0 99.0 99.00
