#YY  MM DD hh mm WDIR WSPD GST  WVHT   DPD   APD MWD   PRES  ATMP  WTMP  DEWP  VIS  TIDE
#yr  mo dy hr mn degT m/s  m/s     m   sec   sec deg    hPa  degC  degC  degC  nmi    ft
2018 01 01 00 09 260  2.1 99.0 99.00 99.00 99.00 999 1019.1  13.5  13.1 999.0 99.0 99.00
2018 01 01 01 09 230  1.5 99.0 99.00 99.00 99.00 999 1019.5  13.4  13.1 999.0 99.0 99.00
2018 01 01 02 09 220  2.1 99.0 99.00 99.00 99.00 999 1020.1  13.6  13.1 999.0 99.0 99.00
2018 01 01 03 09 190  2.1 99.0 99.00 99.00 99.00 999 1020.4  13.6  13.1 999.0 99.0 99.00
2018 01 01 04 09 220  1.0 99.0 99.00 99.00 99.00 999 1020.8  13.6  13.0 999.0 99.0 99.00
2018 01 01 05 09   0  0.0 99.0 99.00 99.00 99.00 999 1021.0  13.4  12.9 999.0 99.0 99.00
2018 01 01 06 09 250  1.0 99.0 99.00 99.00 99.00 999 1021.6  13.3  12.9 999.0 99.0 99.00
2018 01 01 07 09 170  1.0 99.0 99.00 99.00 99.00 999 1022.2  13.4  12.9 999.0 99.0 99.00
2018 01 01 08 09 150  1.5 99.0 99.00 99.00 99.00 999 1022.4  13.0  12.9 999.0 99.0 99.00
2018 01 01 09 09 170  0.5 99.0 99.00 99.00 99.00 999 1022.3  12.8  12.9 999.0 99.0 99.00
2018 01 01 10 09 160  1.5 99.0 99.00 99.00 99.00 999 1022.3  12.7  13.0 999.0 99.0 99.00
2018 01 01 11 09 150  1.5 99.0 99.00 99.00 99.00 999 1022.3  12.8  13.1 999.0 99.0 99.00
2018 01 01 12 09 140  1.0 99.0 99.00 99.00 99.00 999 1022.0  12.6  13.1 999.0 99.0 99.00
2018 01 01 13 09  60  2.1 99.0 99.00 99.00 99.00 999 1022.1  12.1  13.1 999.0 99.0 99.00
2018 01 01 14 09  80  1.5 99.0 99.00 99.00 99.00 999 1022.7  12.1  13.1 999.0 99.0 99.00
2018 01 01 15 09  40  4.1 99.0 99.00 99.00 99.00 999 1022.6  11.7  13.1 999.0 99.0 99.00
2018 01 01 16 09  30  5.1 99.0 99.00 99.00 99.00 999 1022.7  11.3  13.1 999.0 99.0 99.00
2018 01 01 17 09  60  5.7 99.0 99.00 99.00 99.00 999 1023.0  11.1  13.1 999.0 99.0 99.00
2018 01 01 18 09  40  5.7 99.0 99.00 99.00 99.00 999 1023.3  11.5  13.3 999.0 99.0 99.00
2018 01 01 19 09  20  3.6 99.0 99.00 99.00 99.00 999 1022.9  12.2  13.3 999.0 99.0 99.00
2018 01 01 20 09  30  3.6 99.0 99.00 99.00 99.00 999 1021.7  12.8  13.3 999.0 99.0 99.00
2018 01 01 21 09   0  0.0 99.0 99.00 99.00 99.00 999 1020.7  12.9  13.2 999.0 99.0 99.00
2018 01 01 22 09 300  4.6 99.0 99.00 99.00 99.00 999 1020.3  13.2  13.2 999.0 99.0 99.00
2018 01 01 23 09 290  5.1 99.0 99.00 99.00 99.00 999 1020.0  13.2  13.3 999.0 99.0 99.00
2018 01 02 00 09 300  4.1 99.0 99.00 99.00 99.00 999 1019.7  13.4  13.3 999.0 99.0 99.00
2018 01 02 01 09 290  2.1 99.0 99.00 99.00 99.00 999 1020.1  13.6  13.3 999.0 99.0 99.00
2018 01 02 02 09 310  2.6 99.0 99.00 99.00 99.00 999 1020.2  13.7  13.3 999.0 99.0 99.00
2018 01 02 03 09 330  2.6 99.0 99.00 99.00 99.00 999 1020.2  13.6  13.3 999.0 99.0 99.00
2018 01 02 04 09  10  1.5 99.0 99.00 99.00 99.00 999 1020.0  13.7  13.5 999.0 99.0 99.00
2018 01 02 05 09 120  1.5 99.0 99.00 99.00 99.00 999 1020.2  13.6  13.5 999.0 99.0 99.00
2018 01 02 06 09 110  1.5 99.0 99.00 99.00 99.00 999 1020.5  13.6  13.6 999.0 99.0 99.00
2018 01 02 07 09  90  2.1 99.0 99.00 99.00 99.00 999 1020.7  13.6  13.2 999.0 99.0 99.00
2018 01 02 08 09 110  1.5 99.0 99.00 99.00 99.00 999 1021.0  13.6  13.2 999.0 99.0 99.00
2018 01 02 09 09 120  1.5 99.0 99.00 99.00 99.00 999 1020.8  13.7  13.6 999.0 99.0 99.00
2018 01 02 10 09  80  4.6 99.0 99.00 99.00 99.00 999 1020.4  14.0  13.7 999.0 99.0 99.00
2018 01 02 11 09  80  4.1 99.0 99.00 99.00 99.00 999 1020.7  14.0  13.7 999.0 99.0 99.00
2018 01 02 12 09 120  3.1 99.0 99.00 99.00 99.00 999 1020.9  14.4  13.7 999.0 99.0 99.00
2018 01 02 13 09  70  3.1 99.0 99.00 99.00 99.00 999 1021.0  14.4  13.8 999.0 99.0 99.00
2018 01 02 14 09  50  4.1 99.0 99.00 99.00 99.00 999 1020.6  13.6  13.7 999.0 99.0 99.00
2018 01 02 15 09  60  6.2 99.0 99.00 99.00 99.00 999 1020.6  13.9  13.7 999.0 99.0 99.00
2018 01 02 16 09  50  5.1 99.0 99.00 99.00 99.00 999 1020.6  13.6  13.5 999.0 99.0 99.00
2018 01 02 17 19  50  4.6 99.0 99.00 99.00 99.00 999 1020.7  13.5  13.5 999.0 99.0 99.00
2018 01 02 18 09  60  5.1 99.0 99.00 99.00 99.00 999 1020.7  13.7  13.6 999.0 99.0 99.00
2018 01 02 19 08 100  4.1 99.0 99.00 99.00 99.00 999 1021.3  13.9  13.7 999.0 99.0 99.00
2018 01 02 20 08  40  3.1 99.0 99.00 99.00 99.00 999 1020.4  14.2  13.8 999.0 99.0 99.00
2018 01 02 21 08  60  3.1 99.0 99.00 99.00 99.00 999 1020.0  14.5  13.9 999.0 99.0 99.00
2018 01 02 22 08  60  2.6 99.0 99.00 99.00 99.00 999 1019.4  14.7  14.0 999.0 99.0 99.00
2018 01 02 23 08  80  3.1 99.0 99.00 99.00 99.00 999 1019.5  14.6  14.0 999.0 99.0 99.00
2018 01 03 00 08  90  3.1 99.0 99.00 99.00 99.00 999 1019.0  15.0  14.1 999.0 99.0 99.00
2018 01 03 01 08  70  2.6 99.0 99.00 99.00 99.00 999 1018.5  14.1  14.0 999.0 99.0 99.00
2018 01 03 02 08  70  3.1 99.0 99.00 99.00 99.00 999 1018.3  14.2  14.0 999.0 99.0 99.00
2018 01 03 03 08  80  3.1 99.0 99.00 99.00 99.00 999 1018.0  14.2  13.9 999.0 99.0 99.00
2018 01 03 04 08  80  2.6 99.0 99.00 99.00 99.00 999 1018.0  14.3  13.8 999.0 99.0 99.00
2018 01 03 05 08  80  2.6 99.0 99.00 99.00 99.00 999 1018.0  14.7  13.8 999.0 99.0 99.00
2018 01 03 06 08  20  4.1 99.0 99.00 99.00 99.00 999 1017.8  14.7  13.8 999.0 99.0 99.00
2018 01 03 07 08  30  4.1 99.0 99.00 99.00 99.00 999 1017.7  14.5  13.8 999.0 99.0 99.00
2018 01 03 08 08  40  5.7 99.0 99.00 99.00 99.00 999 1017.4  15.3  13.8 999.0 99.0 99.00
2018 01 03 09 08  50  6.2 99.0 99.00 99.00 99.00 999 1017.0  14.4  13.8 999.0 99.0 99.00
2018 01 03 10 08  80  5.1 99.0 99.00 99.00 99.00 999 1017.3  14.5  13.8 999.0 99.0 99.00
2018 01 03 11 08  90  3.6 99.0 99.00 99.00 99.00 999 1017.6  14.4  13.7 999.0 99.0 99.00
2018 01 03 12 08  90  3.6 99.0 99.00 99.00 99.00 999 1017.0  13.7  13.7 999.0 99.0 99.00
2018 01 03 13 08  80  4.6 99.0 99.00 99.00 99.00 999 1016.6  13.9  13.7 999.0 99.0 99.00
2018 01 03 14 08  70  4.6 99.0 99.00 99.00 99.00 999 1016.4  13.4  13.2 999.0 99.0 99.00
2018 01 03 15 08  60  5.7 99.0 99.00 99.00 99.00 999 1016.1  12.9  13.2 999.0 99.0 99.00
2018 01 03 16 08  60  5.7 99.0 99.00 99.00 99.00 999 1015.9  13.4  13.1 999.0 99.0 99.00
2018 01 03 17 08 100  4.6 99.0 99.00 99.00 99.00 999 1016.6  13.2  13.1 999.0 99.0 99.00
2018 01 03 18 08 180  4.1 99.0 99.00 99.00 99.00 999 1017.1  14.8  13.0 999.0 99.0 99.00
2018 01 03 19 08  10  4.6 99.0 99.00 99.00 99.00 999 1016.7  13.9  13.5 999.0 99.0 99.00
2018 01 03 20 08  40  4.6 99.0 99.00 99.00 99.00 999 1016.0  13.9  13.4 999.0 99.0 99.00
2018 01 03 21 08  80  5.7 99.0 99.00 99.00 99.00 999 1016.5  13.9  13.2 999.0 99.0 99.00
2018 01 03 22 08  10  3.6 99.0 99.00 99.00 99.00 999 1016.5  13.4  13.1 999.0 99.0 99.00
2018 01 03 23 08  50  7.7 99.0 99.00 99.00 99.00 999 1014.9  13.0  13.1 999.0 99.0 99.00
2018 01 04 00 08  40  5.7 99.0 99.00 99.00 99.00 999 1014.9  13.7  13.3 999.0 99.0 99.00
2018 01 04 01 08  60  5.7 99.0 99.00 99.00 99.00 999 1014.5  15.0  13.7 999.0 99.0 99.00
2018 01 04 02 08  80  7.2 99.0 99.00 99.00 99.00 999 1014.3  15.5  13.7 999.0 99.0 99.00
2018 01 04 03 08  90  4.6 99.0 99.00 99.00 99.00 999 1015.0  14.7  13.7 999.0 99.0 99.00
2018 01 04 04 08 200  2.6 99.0 99.00 99.00 99.00 999 1015.4  14.3  13.7 999.0 99.0 99.00
2018 01 04 05 08 240  5.1 99.0 99.00 99.00 99.00 999 1016.6  14.0  13.7 999.0 99.0 99.00
2018 01 04 06 08 150  3.6 99.0 99.00 99.00 99.00 999 1016.9  13.4  13.7 999.0 99.0 99.00
2018 01 04 07 08 120  5.1 99.0 99.00 99.00 99.00 999 1017.3  13.7  13.7 999.0 99.0 99.00
2018 01 04 08 08  30  5.7 99.0 99.00 99.00 99.00 999 1017.3  13.1  13.7 999.0 99.0 99.00
2018 01 04 09 08  50  6.7 99.0 99.00 99.00 99.00 999 1017.6  13.6  13.7 999.0 99.0 99.00
2018 01 04 10 08  70  5.7 99.0 99.00 99.00 99.00 999 1017.6  13.7  13.7 999.0 99.0 99.00
2018 01 04 11 08  60  6.7 99.0 99.00 99.00 99.00 999 1017.4  13.7  13.8 999.0 99.0 99.00
2018 01 04 12 08  70  3.1 99.0 99.00 99.00 99.00 999 1017.7  14.4  13.8 999.0 99.0 99.00
2018 01 04 13 08  90  4.6 99.0 99.00 99.00 99.00 999 1017.5  14.0  13.8 999.0 99.0 99.00
2018 01 04 14 08  60  6.2 99.0 99.00 99.00 99.00 999 1017.7  12.9  13.6 999.0 99.0 99.00
2018 01 04 15 08  70  4.6 99.0 99.00 99.00 99.00 999 1018.2  13.1  13.2 999.0 99.0 99.00
2018 01 04 16 08  60  6.2 99.0 99.00 99.00 99.00 999 1018.4  13.3  13.2 999.0 99.0 99.00
2018 01 04 17 08  60  5.1 99.0 99.00 99.00 99.00 999 1019.0  13.6  13.3 999.0 99.0 99.00
2018 01 04 18 08  20  5.7 99.0 99.00 99.00 99.00 999 1019.3  14.0  13.3 999.0 99.0 99.00
2018 01 04 19 08  20  3.6 99.0 99.00 99.00 99.00 999 1019.1  14.3  13.3 999.0 99.0 99.00
2018 01 04 20 08 260  2.6 99.0 99.00 99.00 99.00 999 1018.6  14.6  13.8 999.0 99.0 99.00
2018 01 04 21 08 240  3.6 99.0 99.00 99.00 99.00 999 1018.0  15.6  14.0 999.0 99.0 99.00
2018 01 04 22 08 180  4.6 99.0 99.00 99.00 99.00 999 1017.8  15.0  14.2 999.0 99.0 99.00
2018 01 04 23 08 190  9.8 99.0 99.00 99.00 99.00 999 1017.2  14.9  14.0 999.0 99.0 99.00
2018 01 05 00 08 190  9.8 99.0 99.00 99.00 99.00 999 1017.5  14.7  13.7 999.0 99.0 99.00
2018 01 05 01 08 180  9.3 99.0 99.00 99.00 99.00 999 1017.7  15.0  13.7 999.0 99.0 99.00
2018 01 05 02 08 180  6.7 99.0 99.00 99.00 99.00 999 1018.0  15.0  13.7 999.0 99.0 99.00
2018 01 05 03 08 210  7.2 99.0 99.00 99.00 99.00 999 1018.9  15.0  13.8 999.0 99.0 99.00
2018 01 05 04 08 190  6.2 99.0 99.00 99.00 99.00 999 1019.9  14.5  13.8 999.0 99.0 99.00
2018 01 05 05 08 190  6.2 99.0 99.00 99.00 99.00 999 1020.6  14.6  13.6 999.0 99.0 99.00
2018 01 05 06 08 200  6.2 99.0 99.00 99.00 99.00 999 1021.6  14.3  13.4 999.0 99.0 99.00
2018 01 05 07 08 140  5.1 99.0 99.00 99.00 99.00 999 1021.4  14.3  13.4 999.0 99.0 99.00
2018 01 05 08 08 130  5.1 99.0 99.00 99.00 99.00 999 1021.3  14.3  13.3 999.0 99.0 99.00
2018 01 05 09 08 180  2.1 99.0 99.00 99.00 99.00 999 1021.3  14.3  13.3 999.0 99.0 99.00
2018 01 05 10 08  50  3.1 99.0 99.00 99.00 99.00 999 1021.1  14.2  13.3 999.0 99.0 99.00
2018 01 05 11 08  80  2.6 99.0 99.00 99.00 99.00 999 1021.5  14.2  13.4 999.0 99.0 99.00
2018 01 05 12 08 120  2.6 99.0 99.00 99.00 99.00 999 1021.3  13.8  13.4 999.0 99.0 99.00
2018 01 05 13 08 160  3.6 99.0 99.00 99.00 99.00 999 1021.5  14.2  13.5 999.0 99.0 99.00
2018 01 05 14 08 160  5.7 99.0 99.00 99.00 99.00 999 1021.4  14.2  13.6 999.0 99.0 99.00
2018 01 05 15 08 160  4.1 99.0 99.00 99.00 99.00 999 1022.0  14.3  13.6 999.0 99.0 99.00
2018 01 05 16 08  70  2.1 99.0 99.00 99.00 99.00 999 1022.5  13.9  13.7 999.0 99.0 99.00
2018 01 05 17 08  80  2.6 99.0 99.00 99.00 99.00 999 1022.9  13.8  13.7 999.0 99.0 99.00
2018 01 05 18 08  60  2.6 99.0 99.00 99.00 99.00 999 1023.5  14.4  13.7 999.0 99.0 99.00
2018 01 05 19 08  60  2.6 99.0 99.00 99.00 99.00 999 1023.4  14.2  13.7 999.0 99.0 99.00
2018 01 05 20 08 170  4.6 99.0 99.00 99.00 99.00 999 1023.4  14.4  13.7 999.0 99.0 99.00
2018 01 05 21 08 190  6.2 99.0 99.00 99.00 99.00 999 1022.6  14.7  13.7 999.0 99.0 99.00
2018 01 05 22 08 190  5.1 99.0 99.00 99.00 99.00 999 1022.3  14.4  13.7 999.0 99.0 99.00
2018 01 05 23 08 180  4.6 99.0 99.00 99.00 99.00 999 1022.3  14.5  13.7 999.0 99.0 99.00
2018 01 06 00 08 230  3.6 99.0 99.00 99.00 99.00 999 1022.7  14.8  13.7 999.0 99.0 99.00
2018 01 06 01 08 300  5.7 99.0 99.00 99.00 99.00 999 1022.1  13.4  13.8 999.0 99.0 99.00
2018 01 06 02 08 290  5.7 99.0 99.00 99.00 99.00 999 1022.6  13.9  13.7 999.0 99.0 99.00
2018 01 06 03 08 300  6.2 99.0 99.00 99.00 99.00 999 1022.3  13.4  13.7 999.0 99.0 99.00
2018 01 06 04 08 320  4.6 99.0 99.00 99.00 99.00 999 1022.1  13.6  13.7 999.0 99.0 99.00
2018 01 06 05 08 300  5.7 99.0 99.00 99.00 99.00 999 1022.6  13.6  13.7 999.0 99.0 99.00
2018 01 06 06 08 310  6.2 99.0 99.00 99.00 99.00 999 1022.3  13.3  13.7 999.0 99.0 99.00
2018 01 06 07 08 300  8.2 99.0 99.00 99.00 99.00 999 1022.0  12.8  13.8 999.0 99.0 99.00
2018 01 06 08 08 320  6.2 99.0 99.00 99.00 99.00 999 1022.5  13.1  13.8 999.0 99.0 99.00
2018 01 06 09 08 310  4.1 99.0 99.00 99.00 99.00 999 1022.5  13.8  13.8 999.0 99.0 99.00
2018 01 06 10 08 310  2.1 99.0 99.00 99.00 99.00 999 1022.5  14.0  13.8 999.0 99.0 99.00
2018 01 06 11 08 320  6.2 99.0 99.00 99.00 99.00 999 1022.3  13.8  13.8 999.0 99.0 99.00
2018 01 06 12 08 280  2.6 99.0 99.00 99.00 99.00 999 1021.5  13.8  13.7 999.0 99.0 99.00
2018 01 06 13 08 290  5.1 99.0 99.00 99.00 99.00 999 1021.0  13.7  13.7 999.0 99.0 99.00
2018 01 06 14 08 300  6.2 99.0 99.00 99.00 99.00 999 1021.4  13.5  13.7 999.0 99.0 99.00
2018 01 06 15 08 300  6.2 99.0 99.00 99.00 99.00 999 1022.1  13.5  13.7 999.0 99.0 99.00
2018 01 06 16 08 350  4.1 99.0 99.00 99.00 99.00 999 1022.2  13.4  13.7 999.0 99.0 99.00
2018 01 06 17 08 360  1.5 99.0 99.00 99.00 99.00 999 1022.6  13.6  13.7 999.0 99.0 99.00
2018 01 06 18 08 310  4.1 99.0 99.00 99.00 99.00 999 1023.2  13.5  13.7 999.0 99.0 99.00
2018 01 06 19 08 320  4.6 99.0 99.00 99.00 99.00 999 1023.2  13.5  13.7 999.0 99.0 99.00
2018 01 06 20 08 330  6.7 99.0 99.00 99.00 99.00 999 1022.6  13.8  13.7 999.0 99.0 99.00
2018 01 06 21 08 320  5.1 99.0 99.00 99.00 99.00 999 1022.1  13.8  13.8 999.0 99.0 99.00
2018 01 06 22 08 320  6.2 99.0 99.00 99.00 99.00 999 1021.3  13.7  13.8 999.0 99.0 99.00
2018 01 06 23 08 320  6.2 99.0 99.00 99.00 99.00 999 1021.1  13.5  13.8 999.0 99.0 99.00
2018 01 07 00 08 310  4.1 99.0 99.00 99.00 99.00 999 1021.6  13.4  13.8 999.0 99.0 99.00
2018 01 07 01 08 310  6.2 99.0 99.00 99.00 99.00 999 1021.6  13.4  13.7 999.0 99.0 99.00
2018 01 07 02 08 320  7.2 99.0 99.00 99.00 99.00 999 1021.3  13.4  13.7 999.0 99.0 99.00
2018 01 07 03 08 320  5.7 99.0 99.00 99.00 99.00 999 1021.2  13.2  13.7 999.0 99.0 99.00
2018 01 07 04 08 320  4.6 99.0 99.00 99.00 99.00 999 1021.5  13.2  13.7 999.0 99.0 99.00
2018 01 07 05 08  10  3.6 99.0 99.00 99.00 99.00 999 1021.4  13.3  13.7 999.0 99.0 99.00
2018 01 07 06 08 360  3.6 99.0 99.00 99.00 99.00 999 1021.5  12.9  13.7 999.0 99.0 99.00
2018 01 07 07 08 360  4.6 99.0 99.00 99.00 99.00 999 1021.2  12.3  13.7 999.0 99.0 99.00
2018 01 07 08 08 340  3.1 99.0 99.00 99.00 99.00 999 1020.6  12.4  13.7 999.0 99.0 99.00
2018 01 07 09 08 350  3.6 99.0 99.00 99.00 99.00 999 1021.2  12.2  13.7 999.0 99.0 99.00
2018 01 07 10 08 310  3.6 99.0 99.00 99.00 99.00 999 1020.8  12.6  13.7 999.0 99.0 99.00
2018 01 07 11 18 330  3.6 99.0 99.00 99.00 99.00 999 1020.7  12.5  13.7 999.0 99.0 99.00
2018 01 07 12 18  10  4.1 99.0 99.00 99.00 99.00 999 1019.9  12.3  13.6 999.0 99.0 99.00
2018 01 07 13 18  50  4.6 99.0 99.00 99.00 99.00 999 1019.7  12.2  13.5 999.0 99.0 99.00
2018 01 07 14 18  30  5.7 99.0 99.00 99.00 99.00 999 1019.2  12.2  13.4 999.0 99.0 99.00
2018 01 07 15 18  40  6.7 99.0 99.00 99.00 99.00 999 1018.9  12.6  13.4 999.0 99.0 99.00
2018 01 07 16 18  40  7.2 99.0 99.00 99.00 99.00 999 1019.0  12.7  13.4 999.0 99.0 99.00
2018 01 07 17 18  50  7.2 99.0 99.00 99.00 99.00 999 1019.1  12.9  13.4 999.0 99.0 99.00
2018 01 07 18 18  70  3.6 99.0 99.00 99.00 99.00 999 1020.3  13.6  13.5 999.0 99.0 99.00
2018 01 07 19 18  80  4.1 99.0 99.00 99.00 99.00 999 1019.1  13.2  13.6 999.0 99.0 99.00
2018 01 07 20 18 130  5.7 99.0 99.00 99.00 99.00 999 1018.5  12.9  13.6 999.0 99.0 99.00
2018 01 07 21 18 140  3.6 99.0 99.00 99.00 99.00 999 1018.1  12.9  13.6 999.0 99.0 99.00
2018 01 07 22 18 190  3.6 99.0 99.00 99.00 99.00 999 1017.7  13.4  13.6 999.0 99.0 99.00
2018 01 07 23 18 220  3.1 99.0 99.00 99.00 99.00 999 1017.6  13.4  13.6 999.0 99.0 99.00
2018 01 08 00 18 240  3.6 99.0 99.00 99.00 99.00 999 1017.6  13.5  13.6 999.0 99.0 99.00
2018 01 08 01 18 260  3.1 99.0 99.00 99.00 99.00 999 1017.3  13.4  13.5 999.0 99.0 99.00
2018 01 08 02 18 300  2.1 99.0 99.00 99.00 99.00 999 1017.5  13.3  13.5 999.0 99.0 99.00
2018 01 08 03 18 300  2.6 99.0 99.00 99.00 99.00 999 1016.8  13.3  13.5 999.0 99.0 99.00
2018 01 08 04 18 310  1.0 99.0 99.00 99.00 99.00 999 1016.8  13.3  13.6 999.0 99.0 99.00
2018 01 08 05 18  30  2.6 99.0 99.00 99.00 99.00 999 1016.4  13.4  13.6 999.0 99.0 99.00
2018 01 08 06 08  50  2.1 99.0 99.00 99.00 99.00 999 1016.3  13.4  13.6 999.0 99.0 99.00
2018 01 08 07 08  70  2.1 99.0 99.00 99.00 99.00 999 1015.6  13.3  13.5 999.0 99.0 99.00
2018 01 08 08 08  80  3.1 99.0 99.00 99.00 99.00 999 1015.1  13.5  13.3 999.0 99.0 99.00
2018 01 08 09 08  60  3.1 99.0 99.00 99.00 99.00 999 1014.6  13.4  13.3 999.0 99.0 99.00
2018 01 08 10 08  50  4.6 99.0 99.00 99.00 99.00 999 1014.6  13.3  13.3 999.0 99.0 99.00
2018 01 08 11 08  70  4.6 99.0 99.00 99.00 99.00 999 1014.0  13.3  13.4 999.0 99.0 99.00
2018 01 08 12 08  80  2.1 99.0 99.00 99.00 99.00 999 1013.4  13.2  13.3 999.0 99.0 99.00
2018 01 08 13 08 170  3.1 99.0 99.00 99.00 99.00 999 1012.7  12.8  13.3 999.0 99.0 99.00
2018 01 08 14 08 150  2.1 99.0 99.00 99.00 99.00 999 1012.6  12.0  13.3 999.0 99.0 99.00
2018 01 08 15 08  50  4.1 99.0 99.00 99.00 99.00 999 1012.0  12.1  13.3 999.0 99.0 99.00
2018 01 08 16 08  30  3.6 99.0 99.00 99.00 99.00 999 1011.7  12.3  13.2 999.0 99.0 99.00
2018 01 08 17 08 120  2.1 99.0 99.00 99.00 99.00 999 1011.6  13.0  13.3 999.0 99.0 99.00
2018 01 08 18 08 130  2.1 99.0 99.00 99.00 99.00 999 1011.9  12.7  13.2 999.0 99.0 99.00
2018 01 08 19 08 120  7.7 99.0 99.00 99.00 99.00 999 1010.6  13.9  13.3 999.0 99.0 99.00
2018 01 08 20 08 150  9.8 99.0 99.00 99.00 99.00 999 1009.3  14.4  13.3 999.0 99.0 99.00
2018 01 08 21 08 140  7.2 99.0 99.00 99.00 99.00 999 1008.8  14.6  13.3 999.0 99.0 99.00
2018 01 08 22 08 150  6.7 99.0 99.00 99.00 99.00 999 1007.9  14.6  13.2 999.0 99.0 99.00
2018 01 08 23 08 130  6.7 99.0 99.00 99.00 99.00 999 1006.2  14.6  13.2 999.0 99.0 99.00
2018 01 09 00 08 120  4.1 99.0 99.00 99.00 99.00 999 1006.6  15.0  13.2 999.0 99.0 99.00
2018 01 09 01 08 180  3.1 99.0 99.00 99.00 99.00 999 1006.1  15.0  13.2 999.0 99.0 99.00
2018 01 09 02 08 150  7.7 99.0 99.00 99.00 99.00 999 1004.8  14.9  13.2 999.0 99.0 99.00
2018 01 09 03 08 150  3.6 99.0 99.00 99.00 99.00 999 1004.4  14.5  13.2 999.0 99.0 99.00
2018 01 09 04 08 190  3.1 99.0 99.00 99.00 99.00 999 1003.0  14.2  13.2 999.0 99.0 99.00
2018 01 09 05 08  60  5.1 99.0 99.00 99.00 99.00 999 1002.9  14.6  13.3 999.0 99.0 99.00
2018 01 11 19 08 330  3.6 99.0 99.00 99.00 99.00 999 9999.0  11.6  13.6 999.0 99.0 99.00
2018 01 11 20 08 330  3.6 99.0 99.00 99.00 99.00 999 9999.0  12.2  13.7 999.0 99.0 99.00
2018 01 11 21 08 330  4.1 99.0 99.00 99.00 99.00 999 9999.0  12.6  13.7 999.0 99.0 99.00
2018 01 11 22 08  60  1.5 99.0 99.00 99.00 99.00 999 9999.0  13.4  13.8 999.0 99.0 99.00
2018 01 11 23 08 310  5.1 99.0 99.00 99.00 99.00 999 9999.0  13.5  13.8 999.0 99.0 99.00
2018 01 12 00 08 310  6.2 99.0 99.00 99.00 99.00 999 9999.0  12.9  13.7 999.0 99.0 99.00
2018 01 12 01 08 300  7.2 99.0 99.00 99.00 99.00 999 9999.0  12.8  13.6 999.0 99.0 99.00
2018 01 12 19 15  70  2.6 99.0 99.00 99.00 99.00 999 9999.0  12.9  13.7 999.0 99.0 99.00
2018 01 12 20 15 110  1.0 99.0 99.00 99.00 99.00 999 9999.0  14.3  13.8 999.0 99.0 99.00
2018 01 12 21 15 260  0.5 99.0 99.00 99.00 99.00 999 9999.0  14.0  14.0 999.0 99.0 99.00
2018 01 12 22 15 260  0.5 99.0 99.00 99.00 99.00 999 9999.0  14.3  14.1 999.0 99.0 99.00
2018 01 12 23 15 340  4.6 99.0 99.00 99.00 99.00 999 9999.0  14.2  14.2 999.0 99.0 99.00
2018 01 13 00 15 320  3.6 99.0 99.00 99.00 99.00 999 9999.0  14.1  13.9 999.0 99.0 99.00
2018 01 13 01 15 350  4.1 99.0 99.00 99.00 99.00 999 9999.0  14.1  13.9 999.0 99.0 99.00
2018 01 13 02 15  10  3.6 99.0 99.00 99.00 99.00 999 9999.0  14.8  13.8 999.0 99.0 99.00
2018 01 13 03 15  40  5.1 99.0 99.00 99.00 99.00 999 9999.0  14.4  13.8 999.0 99.0 99.00
2018 01 13 04 15  30  5.1 99.0 99.00 99.00 99.00 999 9999.0  14.2  13.8 999.0 99.0 99.00
2018 01 13 05 15  20  5.1 99.0 99.00 99.00 99.00 999 9999.0  14.0  13.8 999.0 99.0 99.00
2018 01 13 06 15  30  7.7 99.0 99.00 99.00 99.00 999 9999.0  13.6  13.7 999.0 99.0 99.00
2018 01 13 07 15  20  6.7 99.0 99.00 99.00 99.00 999 9999.0  13.6  13.7 999.0 99.0 99.00
2018 01 13 08 15  40  8.2 99.0 99.00 99.00 99.00 999 1023.7  12.9  13.7 999.0 99.0 99.00
2018 01 13 09 15  40  8.8 99.0 99.00 99.00 99.00 999 1023.1  13.3  13.7 999.0 99.0 99.00
2018 01 13 10 15  40  8.2 99.0 99.00 99.00 99.00 999 1022.8  13.6  13.7 999.0 99.0 99.00
2018 01 13 11 15  40  8.8 99.0 99.00 99.00 99.00 999 1022.4  13.4  13.7 999.0 99.0 99.00
2018 01 13 12 15  40  9.8 99.0 99.00 99.00 99.00 999 1021.4  13.4  13.7 999.0 99.0 99.00
2018 01 13 13 15  40  8.2 99.0 99.00 99.00 99.00 999 1021.3  13.2  13.7 999.0 99.0 99.00
2018 01 13 14 15  40  8.2 99.0 99.00 99.00 99.00 999 1021.1  13.0  13.7 999.0 99.0 99.00
2018 01 13 15 15  60  8.2 99.0 99.00 99.00 99.00 999 1021.5  13.0  13.7 999.0 99.0 99.00
2018 01 13 16 15  50  7.2 99.0 99.00 99.00 99.00 999 1021.9  13.2  13.7 999.0 99.0 99.00
2018 01 13 17 15  60  8.2 99.0 99.00 99.00 99.00 999 1022.1  12.9  13.7 999.0 99.0 99.00
2018 01 13 17 55  60  7.7 99.0 99.00 99.00 99.00 999 1022.1  13.3  13.7 999.0 99.0 99.00
2018 01 13 19 15  60  6.7 99.0 99.00 99.00 99.00 999 1021.8  14.0  13.8 999.0 99.0 99.00
2018 01 13 20 15  40  5.1 99.0 99.00 99.00 99.00 999 1020.8  14.9  13.8 999.0 99.0 99.00
2018 01 13 21 15  40  5.1 99.0 99.00 99.00 99.00 999 1019.8  15.4  13.8 999.0 99.0 99.00
2018 01 13 22 15  40  3.6 99.0 99.00 99.00 99.00 999 1019.6  16.0  13.9 999.0 99.0 99.00
2018 01 13 23 15  50  2.1 99.0 99.00 99.00 99.00 999 1019.2  16.3  13.9 999.0 99.0 99.00
2018 01 14 00 15  50  3.1 99.0 99.00 99.00 99.00 999 1019.2  16.9  13.9 999.0 99.0 99.00
2018 01 14 01 15  50  4.1 99.0 99.00 99.00 99.00 999 1018.9  16.3  13.9 999.0 99.0 99.00
2018 01 14 02 15  50  3.6 99.0 99.00 99.00 99.00 999 1018.8  15.5  13.8 999.0 99.0 99.00
2018 01 14 03 15  40  3.1 99.0 99.00 99.00 99.00 999 1019.1  15.2  13.8 999.0 99.0 99.00
2018 01 14 04 15  40  4.6 99.0 99.00 99.00 99.00 999 1019.3  15.5  13.8 999.0 99.0 99.00
2018 01 14 05 15  50  5.7 99.0 99.00 99.00 99.00 999 1019.7  14.9  13.8 999.0 99.0 99.00
2018 01 14 06 15  40  5.1 99.0 99.00 99.00 99.00 999 1019.8  14.6  13.8 999.0 99.0 99.00
2018 01 14 07 15  40  7.2 99.0 99.00 99.00 99.00 999 1019.6  14.8  13.8 999.0 99.0 99.00
2018 01 14 08 15  40  5.1 99.0 99.00 99.00 99.00 999 1019.6  14.8  13.8 999.0 99.0 99.00
2018 01 14 09 15  20  4.6 99.0 99.00 99.00 99.00 999 1019.8  14.4  13.8 999.0 99.0 99.00
2018 01 14 10 15  50  6.2 99.0 99.00 99.00 99.00 999 1019.1  14.2  13.7 999.0 99.0 99.00
2018 01 14 11 15  50  7.2 99.0 99.00 99.00 99.00 999 1018.8  14.0  13.7 999.0 99.0 99.00
2018 01 14 12 15  40  6.7 99.0 99.00 99.00 99.00 999 1018.2  13.7  13.7 999.0 99.0 99.00
2018 01 14 13 15  40  6.2 99.0 99.00 99.00 99.00 999 1017.8  13.4  13.7 999.0 99.0 99.00
2018 01 14 14 15  30  5.7 99.0 99.00 99.00 99.00 999 1018.1  13.3  13.7 999.0 99.0 99.00
2018 01 14 15 15  30  5.7 99.0 99.00 99.00 99.00 999 1018.6  13.6  13.6 999.0 99.0 99.00
2018 01 14 16 15  40  4.6 99.0 99.00 99.00 99.00 999 1019.4  13.4  13.6 999.0 99.0 99.00
2018 01 14 17 15  40  5.7 99.0 99.00 99.00 99.00 999 1020.3  13.6  13.6 999.0 99.0 99.00
2018 01 14 19 15  60  3.6 99.0 99.00 99.00 99.00 999 1020.5  14.0  13.6 999.0 99.0 99.00
2018 01 14 20 15  30  2.6 99.0 99.00 99.00 99.00 999 1020.3  14.7  13.7 999.0 99.0 99.00
2018 01 14 21 15  40  1.0 99.0 99.00 99.00 99.00 999 1019.7  15.3  13.8 999.0 99.0 99.00
2018 01 14 22 15  70  2.1 99.0 99.00 99.00 99.00 999 1019.0  15.6  13.8 999.0 99.0 99.00
2018 01 14 23 15 110  1.0 99.0 99.00 99.00 99.00 999 1019.0  17.0  13.9 999.0 99.0 99.00
2018 01 15 00 15  40  1.0 99.0 99.00 99.00 99.00 999 1019.2  17.3  14.0 999.0 99.0 99.00
2018 01 15 01 15   0  0.0 99.0 99.00 99.00 99.00 999 1018.7  16.0  14.0 999.0 99.0 99.00
2018 01 15 02 15  70  1.5 99.0 99.00 99.00 99.00 999 1018.5  15.1  14.0 999.0 99.0 99.00
2018 01 15 03 15 290  0.5 99.0 99.00 99.00 99.00 999 1018.9  14.9  13.9 999.0 99.0 99.00
2018 01 15 04 15 290  1.0 99.0 99.00 99.00 99.00 999 1018.2  14.4  13.8 999.0 99.0 99.00
2018 01 15 05 15  60  2.1 99.0 99.00 99.00 99.00 999 1018.4  14.7  13.9 999.0 99.0 99.00
2018 01 15 06 15  50  4.1 99.0 99.00 99.00 99.00 999 1017.9  14.8  13.8 999.0 99.0 99.00
2018 01 15 07 25  50  2.1 99.0 99.00 99.00 99.00 999 1018.9  14.4  13.7 999.0 99.0 99.00
2018 01 15 08 15  30  2.6 99.0 99.00 99.00 99.00 999 1018.2  14.4  13.7 999.0 99.0 99.00
2018 01 15 09 15 240  5.7 99.0 99.00 99.00 99.00 999 1019.3  14.3  13.7 999.0 99.0 99.00
2018 01 15 10 15   0  0.0 99.0 99.00 99.00 99.00 999 1019.1  14.0  13.6 999.0 99.0 99.00
2018 01 15 11 15 290  1.5 99.0 99.00 99.00 99.00 999 1018.7  15.1  13.6 999.0 99.0 99.00
2018 01 15 12 15  80  2.6 99.0 99.00 99.00 99.00 999 1018.4  14.2  13.7 999.0 99.0 99.00
2018 01 15 13 25 140  1.5 99.0 99.00 99.00 99.00 999 1019.1  13.7  13.7 999.0 99.0 99.00
2018 01 15 14 25 190  2.1 99.0 99.00 99.00 99.00 999 1019.1  13.9  13.7 999.0 99.0 99.00
2018 01 15 15 15  50  4.6 99.0 99.00 99.00 99.00 999 1018.2  13.2  13.7 999.0 99.0 99.00
2018 01 15 16 15  60  6.2 99.0 99.00 99.00 99.00 999 1018.0  12.8  13.6 999.0 99.0 99.00
2018 01 15 17 05  80  2.6 99.0 99.00 99.00 99.00 999 1019.4  13.4  13.6 999.0 99.0 99.00
2018 01 15 17 55  70  1.5 99.0 99.00 99.00 99.00 999 1020.2  13.6  13.5 999.0 99.0 99.00
2018 01 15 19 15  50  1.5 99.0 99.00 99.00 99.00 999 1020.6  13.3  13.3 999.0 99.0 99.00
2018 01 15 20 15 110  1.0 99.0 99.00 99.00 99.00 999 1020.2  13.9  13.3 999.0 99.0 99.00
2018 01 15 21 15   0  0.0 99.0 99.00 99.00 99.00 999 1019.6  14.0  13.5 999.0 99.0 99.00
2018 01 15 22 15   0  0.0 99.0 99.00 99.00 99.00 999 1019.2  14.3  13.5 999.0 99.0 99.00
2018 01 15 23 15  90  1.0 99.0 99.00 99.00 99.00 999 1018.9  13.9  13.5 999.0 99.0 99.00
2018 01 16 00 15 170  0.5 99.0 99.00 99.00 99.00 999 1019.4  13.8  13.6 999.0 99.0 99.00
2018 01 16 01 15 220  2.1 99.0 99.00 99.00 99.00 999 1019.2  13.7  13.5 999.0 99.0 99.00
2018 01 16 02 15 240  3.1 99.0 99.00 99.00 99.00 999 1020.0  13.6  13.5 999.0 99.0 99.00
2018 01 16 03 25 230  2.1 99.0 99.00 99.00 99.00 999 1019.9  13.5  13.7 999.0 99.0 99.00
2018 01 16 04 15 220  0.5 99.0 99.00 99.00 99.00 999 1020.0  13.5  13.7 999.0 99.0 99.00
2018 01 16 05 15 210  1.0 99.0 99.00 99.00 99.00 999 1020.7  13.1  13.8 999.0 99.0 99.00
2018 01 16 06 15 120  2.1 99.0 99.00 99.00 99.00 999 1020.1  13.2  13.8 999.0 99.0 99.00
2018 01 16 07 15 260  1.0 99.0 99.00 99.00 99.00 999 1021.5  13.2  13.8 999.0 99.0 99.00
2018 01 16 08 15   0  0.0 99.0 99.00 99.00 99.00 999 1022.3  13.2  13.8 999.0 99.0 99.00
2018 01 16 09 15  60  3.1 99.0 99.00 99.00 99.00 999 1021.5  13.1  13.8 999.0 99.0 99.00
2018 01 16 10 15  70  4.6 99.0 99.00 99.00 99.00 999 1021.4  13.1  13.7 999.0 99.0 99.00
2018 01 16 11 15  50  3.1 99.0 99.00 99.00 99.00 999 1022.2  12.9  13.8 999.0 99.0 99.00
2018 01 16 12 15  30  3.6 99.0 99.00 99.00 99.00 999 1021.9  13.3  13.7 999.0 99.0 99.00
2018 01 16 13 15  20  3.1 99.0 99.00 99.00 99.00 999 1022.3  13.2  13.7 999.0 99.0 99.00
2018 01 16 14 15  40  2.6 99.0 99.00 99.00 99.00 999 1022.4  13.3  13.7 999.0 99.0 99.00
2018 01 16 15 15  60  3.6 99.0 99.00 99.00 99.00 999 1022.4  13.2  13.6 999.0 99.0 99.00
2018 01 16 16 15  40  2.6 99.0 99.00 99.00 99.00 999 1023.5  12.8  13.6 999.0 99.0 99.00
2018 01 16 17 15  80  3.1 99.0 99.00 99.00 99.00 999 1023.9  13.0  13.6 999.0 99.0 99.00
2018 01 16 19 15  80  2.6 99.0 99.00 99.00 99.00 999 1024.7  13.1  13.6 999.0 99.0 99.00
2018 01 16 20 15 120  1.5 99.0 99.00 99.00 99.00 999 1023.8  13.6  13.6 999.0 99.0 99.00
2018 01 16 21 15 300  2.6 99.0 99.00 99.00 99.00 999 1022.3  14.0  13.8 999.0 99.0 99.00
2018 01 16 22 15 300  2.6 99.0 99.00 99.00 99.00 999 1021.9  13.7  13.9 999.0 99.0 99.00
2018 01 16 23 15 250  2.1 99.0 99.00 99.00 99.00 999 1021.7  13.7  13.9 999.0 99.0 99.00
2018 01 17 00 15 270  2.1 99.0 99.00 99.00 99.00 999 1021.9  13.4  13.9 999.0 99.0 99.00
2018 01 17 01 15 290  3.6 99.0 99.00 99.00 99.00 999 1021.8  13.1  13.9 999.0 99.0 99.00
2018 01 17 02 15 290  3.1 99.0 99.00 99.00 99.00 999 1022.2  12.9  13.9 999.0 99.0 99.00
2018 01 17 03 15 280  5.7 99.0 99.00 99.00 99.00 999 1022.9  13.2  13.8 999.0 99.0 99.00
2018 01 17 04 15 320  4.1 99.0 99.00 99.00 99.00 999 1023.1  13.1  13.8 999.0 99.0 99.00
2018 01 17 05 15 310  2.6 99.0 99.00 99.00 99.00 999 1023.3  12.8  13.8 999.0 99.0 99.00
2018 01 17 06 15 300  4.6 99.0 99.00 99.00 99.00 999 1023.8  12.9  13.8 999.0 99.0 99.00
2018 01 17 07 15 360  2.1 99.0 99.00 99.00 99.00 999 1023.8  12.8  13.8 999.0 99.0 99.00
2018 01 17 08 15  40  1.0 99.0 99.00 99.00 99.00 999 1023.4  12.6  13.8 999.0 99.0 99.00
2018 01 17 09 15 350  1.0 99.0 99.00 99.00 99.00 999 1022.9  12.5  13.8 999.0 99.0 99.00
2018 01 17 10 15 300  0.5 99.0 99.00 99.00 99.00 999 1023.2  12.4  13.7 999.0 99.0 99.00
2018 01 17 11 15  50  1.5 99.0 99.00 99.00 99.00 999 1023.2  12.4  13.7 999.0 99.0 99.00
2018 01 17 12 15  30  2.1 99.0 99.00 99.00 99.00 999 1023.3  12.3  13.7 999.0 99.0 99.00
2018 01 17 13 15  40  3.1 99.0 99.00 99.00 99.00 999 1022.6  11.9  13.7 999.0 99.0 99.00
2018 01 17 14 15  10  4.1 99.0 99.00 99.00 99.00 999 1022.6  12.0  13.7 999.0 99.0 99.00
2018 01 17 15 15  40  4.6 99.0 99.00 99.00 99.00 999 1022.3  11.7  13.6 999.0 99.0 99.00
2018 01 17 16 15  50  5.1 99.0 99.00 99.00 99.00 999 1022.7  12.1  13.6 999.0 99.0 99.00
2018 01 17 17 15  50  5.7 99.0 99.00 99.00 99.00 999 1023.3  12.7  13.6 999.0 99.0 99.00
2018 01 17 17 55  40  5.1 99.0 99.00 99.00 99.00 999 1024.1  13.0  13.6 999.0 99.0 99.00
2018 01 17 19 15 300  3.1 99.0 99.00 99.00 99.00 999 1025.4  13.3  13.7 999.0 99.0 99.00
2018 01 17 20 15 300  5.7 99.0 99.00 99.00 99.00 999 1023.7  12.7  13.7 999.0 99.0 99.00
2018 01 17 21 15 320  5.1 99.0 99.00 99.00 99.00 999 1022.9  13.2  13.8 999.0 99.0 99.00
2018 01 17 22 15 260  1.0 99.0 99.00 99.00 99.00 999 1022.4  13.8  13.8 999.0 99.0 99.00
2018 01 17 23 15 250  2.1 99.0 99.00 99.00 99.00 999 1022.5  14.0  13.9 999.0 99.0 99.00
2018 01 18 00 05 170  2.6 99.0 99.00 99.00 99.00 999 1022.1  14.0  13.9 999.0 99.0 99.00
2018 01 18 02 15 280  5.1 99.0 99.00 99.00 99.00 999 1021.8  13.8  13.8 999.0 99.0 99.00
2018 01 18 03 15 290  4.6 99.0 99.00 99.00 99.00 999 1021.6  13.7  13.8 999.0 99.0 99.00
2018 01 18 04 15 290  4.6 99.0 99.00 99.00 99.00 999 1021.0  13.6  13.8 999.0 99.0 99.00
2018 01 18 05 15 290  4.6 99.0 99.00 99.00 99.00 999 1021.0  13.7  13.7 999.0 99.0 99.00
2018 01 18 06 15 300  4.1 99.0 99.00 99.00 99.00 999 1021.3  14.0  13.7 999.0 99.0 99.00
2018 01 18 07 15  20  2.1 99.0 99.00 99.00 99.00 999 1021.3  13.7  13.7 999.0 99.0 99.00
2018 01 18 08 15   0  0.0 99.0 99.00 99.00 99.00 999 1021.3  13.4  13.7 999.0 99.0 99.00
2018 01 18 09 15 280  2.6 99.0 99.00 99.00 99.00 999 1021.3  13.6  13.7 999.0 99.0 99.00
2018 01 18 10 15 290  4.1 99.0 99.00 99.00 99.00 999 1021.2  13.7  13.7 999.0 99.0 99.00
2018 01 18 11 15 360  4.1 99.0 99.00 99.00 99.00 999 1020.6  13.0  13.7 999.0 99.0 99.00
2018 01 18 12 15  10  3.1 99.0 99.00 99.00 99.00 999 1019.9  12.8  13.7 999.0 99.0 99.00
2018 01 18 13 15  30  2.6 99.0 99.00 99.00 99.00 999 1019.9  13.0  13.8 999.0 99.0 99.00
2018 01 18 14 15  60  3.1 99.0 99.00 99.00 99.00 999 1019.2  12.7  13.8 999.0 99.0 99.00
2018 01 18 15 15  50  1.0 99.0 99.00 99.00 99.00 999 1019.8  13.0  13.8 999.0 99.0 99.00
2018 01 18 17 15  50  3.6 99.0 99.00 99.00 99.00 999 1019.9  12.2  13.9 999.0 99.0 99.00
2018 01 18 17 55  60  3.1 99.0 99.00 99.00 99.00 999 1020.2  12.2  13.9 999.0 99.0 99.00
2018 01 18 19 15  70  1.5 99.0 99.00 99.00 99.00 999 1020.4  12.9  14.0 999.0 99.0 99.00
2018 01 18 20 15 110  1.5 99.0 99.00 99.00 99.00 999 1019.0  13.4  14.0 999.0 99.0 99.00
2018 01 18 21 15 210  3.6 99.0 99.00 99.00 99.00 999 1018.2  13.8  14.3 999.0 99.0 99.00
2018 01 18 22 15 190  4.6 99.0 99.00 99.00 99.00 999 1017.7  13.9  14.2 999.0 99.0 99.00
2018 01 18 23 15 210  5.7 99.0 99.00 99.00 99.00 999 1017.7  14.2  14.1 999.0 99.0 99.00
2018 01 19 00 15 270  6.2 99.0 99.00 99.00 99.00 999 1017.9  13.2  14.1 999.0 99.0 99.00
2018 01 19 01 15 270  6.7 99.0 99.00 99.00 99.00 999 1017.7  13.1  14.0 999.0 99.0 99.00
2018 01 19 02 15 270  6.7 99.0 99.00 99.00 99.00 999 1017.6  13.1  14.0 999.0 99.0 99.00
2018 01 19 03 15 270  7.7 99.0 99.00 99.00 99.00 999 1017.9  12.5  14.0 999.0 99.0 99.00
2018 01 19 05 15 300  7.7 99.0 99.00 99.00 99.00 999 1018.1  12.9  13.9 999.0 99.0 99.00
2018 01 19 06 15 330  4.6 99.0 99.00 99.00 99.00 999 1018.8  12.5  13.9 999.0 99.0 99.00
2018 01 19 07 15 140  1.0 99.0 99.00 99.00 99.00 999 1019.3  12.4  13.9 999.0 99.0 99.00
2018 01 19 08 15 100  1.0 99.0 99.00 99.00 99.00 999 1019.2  12.5  13.9 999.0 99.0 99.00
2018 01 19 09 15 300  5.7 99.0 99.00 99.00 99.00 999 1019.3  13.4  13.9 999.0 99.0 99.00
2018 01 19 10 15 290  9.3 99.0 99.00 99.00 99.00 999 1018.6  13.3  13.9 999.0 99.0 99.00
2018 01 19 11 15 330  5.1 99.0 99.00 99.00 99.00 999 1018.9  13.1  13.9 999.0 99.0 99.00
2018 01 19 12 15 340  4.6 99.0 99.00 99.00 99.00 999 1018.5  12.7  13.9 999.0 99.0 99.00
2018 01 19 13 15 340  3.6 99.0 99.00 99.00 99.00 999 1018.6  12.5  13.9 999.0 99.0 99.00
2018 01 19 14 15 350  4.6 99.0 99.00 99.00 99.00 999 1018.9  12.3  13.9 999.0 99.0 99.00
2018 01 19 15 15 350  4.1 99.0 99.00 99.00 99.00 999 1019.6  12.1  13.8 999.0 99.0 99.00
2018 01 19 16 15 350  4.1 99.0 99.00 99.00 99.00 999 1020.0  12.3  13.8 999.0 99.0 99.00
2018 01 19 17 15 350  3.6 99.0 99.00 99.00 99.00 999 1020.3  12.3  13.8 999.0 99.0 99.00
2018 01 19 19 15  10  1.5 99.0 99.00 99.00 99.00 999 1020.4  12.0  13.9 999.0 99.0 99.00
2018 01 19 20 15 300  0.5 99.0 99.00 99.00 99.00 999 1019.8  12.3  14.0 999.0 99.0 99.00
2018 01 19 21 15 280  6.2 99.0 99.00 99.00 99.00 999 1018.9  12.7  14.1 999.0 99.0 99.00
2018 01 19 22 15 280  7.7 99.0 99.00 99.00 99.00 999 1018.3  12.8  14.0 999.0 99.0 99.00
2018 01 19 23 15 290  7.7 99.0 99.00 99.00 99.00 999 1018.2  12.7  13.9 999.0 99.0 99.00
2018 01 20 01 15 300  9.3 99.0 99.00 99.00 99.00 999 1017.9  12.5  13.7 999.0 99.0 99.00
2018 01 20 02 15 320  8.2 99.0 99.00 99.00 99.00 999 1018.0  12.2  13.7 999.0 99.0 99.00
2018 01 20 03 15 320  8.2 99.0 99.00 99.00 99.00 999 1018.4  12.0  13.6 999.0 99.0 99.00
2018 01 20 04 15 330  6.7 99.0 99.00 99.00 99.00 999 1018.6  11.7  13.6 999.0 99.0 99.00
2018 01 20 05 15 330  8.2 99.0 99.00 99.00 99.00 999 1019.0  11.7  13.7 999.0 99.0 99.00
2018 01 20 06 15 340  7.7 99.0 99.00 99.00 99.00 999 1019.3  11.7  13.7 999.0 99.0 99.00
2018 01 20 07 15 330  6.7 99.0 99.00 99.00 99.00 999 1019.3  11.6  13.7 999.0 99.0 99.00
2018 01 20 08 15 350  5.7 99.0 99.00 99.00 99.00 999 1019.2  11.5  13.6 999.0 99.0 99.00
2018 01 20 09 15 330  6.7 99.0 99.00 99.00 99.00 999 1019.1  11.4  13.5 999.0 99.0 99.00
2018 01 20 10 15 330  7.2 99.0 99.00 99.00 99.00 999 1019.4  11.3  13.5 999.0 99.0 99.00
2018 01 20 11 15 330  7.7 99.0 99.00 99.00 99.00 999 1019.5  10.9  13.5 999.0 99.0 99.00
2018 01 20 12 15 330  9.8 99.0 99.00 99.00 99.00 999 1019.4  11.3  13.5 999.0 99.0 99.00
2018 01 20 13 15 320  9.3 99.0 99.00 99.00 99.00 999 1019.6  11.4  13.5 999.0 99.0 99.00
2018 01 20 14 15 330  8.8 99.0 99.00 99.00 99.00 999 1020.1  11.3  13.4 999.0 99.0 99.00
2018 01 20 15 15 330  8.2 99.0 99.00 99.00 99.00 999 1020.5  11.4  13.4 999.0 99.0 99.00
2018 01 20 16 15 330  7.2 99.0 99.00 99.00 99.00 999 1021.2  11.2  13.4 999.0 99.0 99.00
2018 01 20 17 25  20  3.1 99.0 99.00 99.00 99.00 999 1021.9  10.8  13.4 999.0 99.0 99.00
2018 01 20 18 25  20  2.1 99.0 99.00 99.00 99.00 999 1022.7  11.0  13.5 999.0 99.0 99.00
2018 01 20 19 15 340  4.1 99.0 99.00 99.00 99.00 999 1022.4  11.6  13.5 999.0 99.0 99.00
2018 01 20 20 15  10  3.6 99.0 99.00 99.00 99.00 999 1021.8  11.7  13.6 999.0 99.0 99.00
2018 01 20 21 15 320 10.3 99.0 99.00 99.00 99.00 999 1021.3  12.0  13.6 999.0 99.0 99.00
2018 01 20 22 15 310 10.3 99.0 99.00 99.00 99.00 999 1021.2  12.1  13.6 999.0 99.0 99.00
2018 01 20 23 15 300 11.3 99.0 99.00 99.00 99.00 999 1021.4  12.1  13.6 999.0 99.0 99.00
2018 01 21 00 15 310  9.8 99.0 99.00 99.00 99.00 999 1022.0  12.2  13.6 999.0 99.0 99.00
2018 01 21 01 15 320 10.3 99.0 99.00 99.00 99.00 999 1022.5  12.4  13.5 999.0 99.0 99.00
2018 01 21 02 15 320  9.8 99.0 99.00 99.00 99.00 999 1022.9  12.2  13.5 999.0 99.0 99.00
2018 01 21 03 15 320  9.3 99.0 99.00 99.00 99.00 999 1023.3  12.0  13.4 999.0 99.0 99.00
2018 01 21 04 15 320  6.7 99.0 99.00 99.00 99.00 999 1023.8  12.0  13.4 999.0 99.0 99.00
2018 01 21 05 15 310  6.7 99.0 99.00 99.00 99.00 999 1024.3  11.7  13.4 999.0 99.0 99.00
2018 01 21 06 05 340  5.1 99.0 99.00 99.00 99.00 999 1024.6  11.7  13.3 999.0 99.0 99.00
2018 01 21 07 15  10  4.6 99.0 99.00 99.00 99.00 999 1025.1  11.2  13.3 999.0 99.0 99.00
2018 01 21 08 15  20  2.1 99.0 99.00 99.00 99.00 999 1025.3  11.0  13.2 999.0 99.0 99.00
2018 01 21 09 15  10  3.1 99.0 99.00 99.00 99.00 999 1025.4  10.7  13.3 999.0 99.0 99.00
2018 01 21 10 15  10  3.1 99.0 99.00 99.00 99.00 999 1025.6  10.3  13.2 999.0 99.0 99.00
2018 01 21 11 15  20  3.6 99.0 99.00 99.00 99.00 999 1025.8  10.2  13.3 999.0 99.0 99.00
2018 01 21 12 15  60  3.6 99.0 99.00 99.00 99.00 999 1025.9   9.7  13.3 999.0 99.0 99.00
2018 01 21 13 15  50  4.1 99.0 99.00 99.00 99.00 999 1025.7   9.6  13.3 999.0 99.0 99.00
2018 01 21 14 15  50  4.1 99.0 99.00 99.00 99.00 999 1026.2   9.2  13.3 999.0 99.0 99.00
2018 01 21 15 15  40  3.6 99.0 99.00 99.00 99.00 999 1027.0   8.8  13.3 999.0 99.0 99.00
2018 01 21 16 15  50  4.1 99.0 99.00 99.00 99.00 999 1027.5   8.6  13.4 999.0 99.0 99.00
2018 01 21 17 15  60  4.6 99.0 99.00 99.00 99.00 999 1028.3   8.8  13.3 999.0 99.0 99.00
2018 01 21 17 55  60  5.1 99.0 99.00 99.00 99.00 999 1028.7   9.2  13.3 999.0 99.0 99.00
2018 01 21 19 15  80  2.6 99.0 99.00 99.00 99.00 999 1029.0  10.0  13.4 999.0 99.0 99.00
2018 01 21 20 15 100  2.1 99.0 99.00 99.00 99.00 999 1028.3  10.7  13.5 999.0 99.0 99.00
2018 01 21 21 15 220  1.0 99.0 99.00 99.00 99.00 999 1028.2  11.6  13.5 999.0 99.0 99.00
2018 01 21 22 15 270  1.5 99.0 99.00 99.00 99.00 999 1027.6  11.8  13.8 999.0 99.0 99.00
2018 01 21 23 15 250  1.5 99.0 99.00 99.00 99.00 999 1027.5  12.2  13.8 999.0 99.0 99.00
2018 01 22 00 15 230  2.1 99.0 99.00 99.00 99.00 999 1027.3  12.2  13.8 999.0 99.0 99.00
2018 01 22 01 15 220  2.6 99.0 99.00 99.00 99.00 999 1027.6  12.4  13.7 999.0 99.0 99.00
2018 01 22 02 15 230  2.6 99.0 99.00 99.00 99.00 999 1027.9  12.6  13.6 999.0 99.0 99.00
2018 01 22 03 15 240  2.1 99.0 99.00 99.00 99.00 999 1027.8  12.7  13.6 999.0 99.0 99.00
2018 01 22 04 15   0  0.0 99.0 99.00 99.00 99.00 999 1027.8  12.8  13.6 999.0 99.0 99.00
2018 01 22 05 15 110  1.0 99.0 99.00 99.00 99.00 999 1028.2  12.7  13.5 999.0 99.0 99.00
2018 01 22 06 15  90  1.0 99.0 99.00 99.00 99.00 999 1028.4  12.7  13.5 999.0 99.0 99.00
2018 01 22 08 15  70  3.1 99.0 99.00 99.00 99.00 999 1028.2  12.1  13.3 999.0 99.0 99.00
2018 01 22 09 15  80  3.1 99.0 99.00 99.00 99.00 999 1027.8  12.4  13.4 999.0 99.0 99.00
2018 01 22 11 15 120  3.1 99.0 99.00 99.00 99.00 999 1027.3  13.1  13.4 999.0 99.0 99.00
2018 01 22 12 15 160  4.1 99.0 99.00 99.00 99.00 999 1026.8  13.2  13.3 999.0 99.0 99.00
2018 01 22 13 15 180  4.1 99.0 99.00 99.00 99.00 999 1026.7  13.3  13.3 999.0 99.0 99.00
2018 01 22 14 15 180  4.6 99.0 99.00 99.00 99.00 999 1026.6  13.4  13.3 999.0 99.0 99.00
2018 01 22 15 15 190  6.7 99.0 99.00 99.00 99.00 999 1026.9  13.5  13.3 999.0 99.0 99.00
2018 01 22 16 15 180  6.2 99.0 99.00 99.00 99.00 999 1027.1  13.4  13.3 999.0 99.0 99.00
2018 01 22 17 15 190  7.2 99.0 99.00 99.00 99.00 999 1027.5  13.5  13.3 999.0 99.0 99.00
2018 01 22 19 15 190  6.2 99.0 99.00 99.00 99.00 999 1027.6  13.4  13.4 999.0 99.0 99.00
2018 01 22 20 15 190  5.7 99.0 99.00 99.00 99.00 999 1027.1  13.2  13.4 999.0 99.0 99.00
2018 01 22 21 15 340  5.1 99.0 99.00 99.00 99.00 999 1025.3  12.8  13.4 999.0 99.0 99.00
2018 01 22 22 05 340  3.1 99.0 99.00 99.00 99.00 999 1025.4  12.0  13.5 999.0 99.0 99.00
2018 01 22 23 15 300  4.6 99.0 99.00 99.00 99.00 999 1025.6  12.8  13.6 999.0 99.0 99.00
2018 01 23 00 15 280  6.2 99.0 99.00 99.00 99.00 999 1025.5  13.2  13.6 999.0 99.0 99.00
2018 01 23 01 15 300  6.7 99.0 99.00 99.00 99.00 999 1025.7  13.1  13.5 999.0 99.0 99.00
2018 01 23 02 15 310  6.2 99.0 99.00 99.00 99.00 999 1025.1  12.9  13.5 999.0 99.0 99.00
2018 01 23 03 15 320  5.7 99.0 99.00 99.00 99.00 999 1024.9  12.8  13.4 999.0 99.0 99.00
2018 01 23 04 15 320  5.7 99.0 99.00 99.00 99.00 999 1025.4  12.6  13.4 999.0 99.0 99.00
2018 01 23 05 15 340  6.2 99.0 99.00 99.00 99.00 999 1025.6  12.3  13.3 999.0 99.0 99.00
2018 01 23 06 15  10  5.1 99.0 99.00 99.00 99.00 999 1025.8  12.1  13.3 999.0 99.0 99.00
2018 01 23 07 15  20  4.6 99.0 99.00 99.00 99.00 999 1025.7  11.6  13.2 999.0 99.0 99.00
2018 01 23 08 15  10  4.6 99.0 99.00 99.00 99.00 999 1025.8  11.4  13.2 999.0 99.0 99.00
2018 01 23 09 05  20  4.1 99.0 99.00 99.00 99.00 999 1025.3  11.4  13.2 999.0 99.0 99.00
2018 01 23 10 15  40  3.1 99.0 99.00 99.00 99.00 999 1025.2  11.2  13.1 999.0 99.0 99.00
2018 01 23 11 15  30  4.6 99.0 99.00 99.00 99.00 999 1024.7  11.3  13.1 999.0 99.0 99.00
2018 01 23 12 15  20  4.6 99.0 99.00 99.00 99.00 999 1024.3  11.2  13.1 999.0 99.0 99.00
2018 01 23 13 15  50  6.2 99.0 99.00 99.00 99.00 999 1023.9  10.7  13.1 999.0 99.0 99.00
2018 01 23 14 15  40  6.2 99.0 99.00 99.00 99.00 999 1024.0  10.8  13.1 999.0 99.0 99.00
2018 01 23 15 15  30  5.1 99.0 99.00 99.00 99.00 999 1024.3  11.1  13.1 999.0 99.0 99.00
2018 01 23 16 15  40  6.7 99.0 99.00 99.00 99.00 999 1024.3  11.1  13.2 999.0 99.0 99.00
2018 01 23 17 15  40  6.2 99.0 99.00 99.00 99.00 999 1024.5  10.7  13.2 999.0 99.0 99.00
2018 01 23 17 55  40  5.1 99.0 99.00 99.00 99.00 999 1024.7  10.7  13.2 999.0 99.0 99.00
2018 01 23 19 15  40  4.1 99.0 99.00 99.00 99.00 999 1024.8  11.2  13.2 999.0 99.0 99.00
2018 01 23 20 15  50  4.1 99.0 99.00 99.00 99.00 999 1023.7  12.4  13.2 999.0 99.0 99.00
2018 01 23 21 15  20  2.1 99.0 99.00 99.00 99.00 999 1022.9  13.2  13.2 999.0 99.0 99.00
2018 01 23 22 15 320  4.1 99.0 99.00 99.00 99.00 999 1022.3  13.3  13.3 999.0 99.0 99.00
2018 01 23 23 15 310  5.7 99.0 99.00 99.00 99.00 999 1022.0  12.9  13.3 999.0 99.0 99.00
2018 01 24 00 15 310  7.2 99.0 99.00 99.00 99.00 999 1021.8  12.9  13.3 999.0 99.0 99.00
2018 01 24 01 15 300  5.1 99.0 99.00 99.00 99.00 999 1022.0  13.0  13.2 999.0 99.0 99.00
2018 01 24 02 15 300  5.7 99.0 99.00 99.00 99.00 999 1022.1  12.8  13.1 999.0 99.0 99.00
2018 01 24 03 15 310  5.1 99.0 99.00 99.00 99.00 999 1021.9  13.0  13.2 999.0 99.0 99.00
2018 01 24 04 15 310  4.6 99.0 99.00 99.00 99.00 999 1022.0  12.8  13.2 999.0 99.0 99.00
2018 01 24 05 15 310  3.6 99.0 99.00 99.00 99.00 999 1022.0  12.8  13.2 999.0 99.0 99.00
2018 01 24 06 15 330  3.6 99.0 99.00 99.00 99.00 999 1021.7  12.6  13.1 999.0 99.0 99.00
2018 01 24 07 15 320  1.5 99.0 99.00 99.00 99.00 999 1021.3  12.4  13.1 999.0 99.0 99.00
2018 01 24 08 15  80  2.1 99.0 99.00 99.00 99.00 999 1021.0  12.4  13.0 999.0 99.0 99.00
2018 01 24 09 15  70  3.6 99.0 99.00 99.00 99.00 999 1020.8  11.8  13.0 999.0 99.0 99.00
2018 01 24 11 15  60  4.6 99.0 99.00 99.00 99.00 999 1020.1   9.9  13.1 999.0 99.0 99.00
2018 01 24 12 15  40  2.6 99.0 99.00 99.00 99.00 999 1020.0  10.1  13.0 999.0 99.0 99.00
2018 01 24 13 15  20  2.1 99.0 99.00 99.00 99.00 999 1019.9  10.3  13.0 999.0 99.0 99.00
2018 01 24 14 15 100  1.0 99.0 99.00 99.00 99.00 999 1020.0  10.6  13.0 999.0 99.0 99.00
2018 01 24 15 15 110  2.6 99.0 99.00 99.00 99.00 999 1019.8  11.4  13.0 999.0 99.0 99.00
2018 01 24 16 15 100  2.1 99.0 99.00 99.00 99.00 999 1020.1  11.5  13.0 999.0 99.0 99.00
2018 01 24 17 15  80  1.5 99.0 99.00 99.00 99.00 999 1020.4  11.8  12.9 999.0 99.0 99.00
2018 01 24 19 15  70  3.1 99.0 99.00 99.00 99.00 999 1020.1  11.1  12.9 999.0 99.0 99.00
2018 01 24 20 15  50  2.1 99.0 99.00 99.00 99.00 999 1019.5  11.6  12.9 999.0 99.0 99.00
2018 01 24 21 15 200  4.1 99.0 99.00 99.00 99.00 999 1018.9  13.1  13.1 999.0 99.0 99.00
2018 01 24 22 15 190  6.2 99.0 99.00 99.00 99.00 999 1018.1  13.4  13.1 999.0 99.0 99.00
2018 01 24 23 15 180  7.2 99.0 99.00 99.00 99.00 999 1017.5  13.2  13.1 999.0 99.0 99.00
2018 01 25 00 15 190  7.2 99.0 99.00 99.00 99.00 999 1017.6  13.3  12.9 999.0 99.0 99.00
2018 01 25 01 15 310  6.2 99.0 99.00 99.00 99.00 999 1018.3  11.2  13.0 999.0 99.0 99.00
2018 01 25 02 15 340  3.1 99.0 99.00 99.00 99.00 999 1018.4  11.6  13.0 999.0 99.0 99.00
2018 01 25 03 15 120  2.6 99.0 99.00 99.00 99.00 999 1018.0  10.9  13.0 999.0 99.0 99.00
2018 01 25 04 15  80  7.2 99.0 99.00 99.00 99.00 999 1017.4  11.2  13.0 999.0 99.0 99.00
2018 01 25 05 15 140  4.6 99.0 99.00 99.00 99.00 999 1017.8  11.5  12.9 999.0 99.0 99.00
2018 01 25 06 15 210  5.1 99.0 99.00 99.00 99.00 999 1018.0  12.0  12.9 999.0 99.0 99.00
2018 01 25 07 15 230  5.7 99.0 99.00 99.00 99.00 999 1018.0  12.4  12.9 999.0 99.0 99.00
2018 01 25 08 15 230  5.7 99.0 99.00 99.00 99.00 999 1017.5  12.3  12.9 999.0 99.0 99.00
2018 01 25 09 15 290  6.7 99.0 99.00 99.00 99.00 999 1017.5  12.8  12.9 999.0 99.0 99.00
2018 01 25 10 25 280  4.6 99.0 99.00 99.00 99.00 999 1017.6  12.7  12.9 999.0 99.0 99.00
2018 01 25 11 25 300  6.7 99.0 99.00 99.00 99.00 999 1017.7  12.7  12.9 999.0 99.0 99.00
2018 01 25 12 25 330  3.6 99.0 99.00 99.00 99.00 999 1017.7  12.2  12.9 999.0 99.0 99.00
2018 01 25 13 25  50  1.0 99.0 99.00 99.00 99.00 999 1018.0  11.9  12.9 999.0 99.0 99.00
2018 01 25 14 25  70  2.1 99.0 99.00 99.00 99.00 999 1018.4  11.2  12.8 999.0 99.0 99.00
2018 01 25 15 25  70  3.6 99.0 99.00 99.00 99.00 999 1018.8  11.5  12.8 999.0 99.0 99.00
2018 01 25 16 25 140  1.5 99.0 99.00 99.00 99.00 999 1020.0  11.2  12.8 999.0 99.0 99.00
2018 01 25 17 25 110  2.6 99.0 99.00 99.00 99.00 999 1020.1  11.6  12.9 999.0 99.0 99.00
2018 01 25 18 25   0  0.0 99.0 99.00 99.00 99.00 999 1020.2  10.9  12.9 999.0 99.0 99.00
2018 01 25 19 25 100  0.5 99.0 99.00 99.00 99.00 999 1021.7  11.6  12.9 999.0 99.0 99.00
2018 01 25 20 25 140  1.5 99.0 99.00 99.00 99.00 999 1021.3  11.9  13.0 999.0 99.0 99.00
2018 01 25 21 25 210  3.6 99.0 99.00 99.00 99.00 999 1020.2  12.3  13.1 999.0 99.0 99.00
2018 01 25 22 25 250  3.6 99.0 99.00 99.00 99.00 999 1020.2  12.5  13.2 999.0 99.0 99.00
2018 01 25 23 25 260  3.6 99.0 99.00 99.00 99.00 999 1020.5  12.5  13.4 999.0 99.0 99.00
2018 01 26 00 25 240  2.6 99.0 99.00 99.00 99.00 999 1020.7  12.6  13.4 999.0 99.0 99.00
2018 01 26 01 25 280  1.5 99.0 99.00 99.00 99.00 999 1021.1  12.4  13.4 999.0 99.0 99.00
2018 01 26 02 25 270  4.6 99.0 99.00 99.00 99.00 999 1021.6  12.7  13.3 999.0 99.0 99.00
2018 01 26 03 25 310  3.1 99.0 99.00 99.00 99.00 999 1022.0  12.6  13.3 999.0 99.0 99.00
2018 01 26 04 25 340  6.2 99.0 99.00 99.00 99.00 999 1022.4  11.5  13.2 999.0 99.0 99.00
2018 01 26 05 15 320  2.1 99.0 99.00 99.00 99.00 999 1023.2  11.4  13.2 999.0 99.0 99.00
2018 01 26 06 15 100  0.5 99.0 99.00 99.00 99.00 999 1023.9  11.4  13.2 999.0 99.0 99.00
2018 01 26 07 15  20  2.1 99.0 99.00 99.00 99.00 999 1024.3  11.3  13.2 999.0 99.0 99.00
2018 01 26 08 25  90  0.5 99.0 99.00 99.00 99.00 999 1024.5  11.4  13.2 999.0 99.0 99.00
2018 01 26 09 25  20  2.6 99.0 99.00 99.00 99.00 999 1024.6  11.4  13.2 999.0 99.0 99.00
2018 01 26 10 15  10  2.1 99.0 99.00 99.00 99.00 999 1024.8  11.5  13.2 999.0 99.0 99.00
2018 01 26 11 15  40  4.6 99.0 99.00 99.00 99.00 999 1024.9  10.3  13.2 999.0 99.0 99.00
2018 01 26 12 25  70  3.6 99.0 99.00 99.00 99.00 999 1025.0  10.2  13.1 999.0 99.0 99.00
2018 01 26 13 15  10  2.6 99.0 99.00 99.00 99.00 999 1025.4  10.5  13.0 999.0 99.0 99.00
2018 01 26 14 25  30  4.1 99.0 99.00 99.00 99.00 999 1026.1   9.8  12.9 999.0 99.0 99.00
2018 01 26 15 25  40  3.6 99.0 99.00 99.00 99.00 999 1026.7   9.4  12.9 999.0 99.0 99.00
2018 01 26 16 25  40  3.6 99.0 99.00 99.00 99.00 999 1027.5   9.5  12.9 999.0 99.0 99.00
2018 01 26 17 25  40  3.6 99.0 99.00 99.00 99.00 999 1028.3   9.6  12.9 999.0 99.0 99.00
2018 01 26 18 25  40  2.6 99.0 99.00 99.00 99.00 999 1029.0   9.5  13.0 999.0 99.0 99.00
2018 01 26 19 25  50  1.5 99.0 99.00 99.00 99.00 999 1028.9  10.1  10.2 999.0 99.0 99.00
2018 01 26 20 25  40  0.5 99.0 99.00 99.00 99.00 999 1028.4  10.5  13.1 999.0 99.0 99.00
2018 01 26 21 25 170  0.5 99.0 99.00 99.00 99.00 999 1027.2  11.1  13.4 999.0 99.0 99.00
2018 01 26 22 25 300  3.6 99.0 99.00 99.00 99.00 999 1027.0  11.6  13.3 999.0 99.0 99.00
2018 01 26 23 25 320  5.1 99.0 99.00 99.00 99.00 999 1026.5  12.2  13.1 999.0 99.0 99.00
2018 01 27 00 25 310  6.2 99.0 99.00 99.00 99.00 999 1026.5  12.1  13.1 999.0 99.0 99.00
2018 01 27 01 25 310  8.2 99.0 99.00 99.00 99.00 999 1027.1  12.2  13.0 999.0 99.0 99.00
2018 01 27 02 25 310  7.2 99.0 99.00 99.00 99.00 999 1026.8  12.1  13.0 999.0 99.0 99.00
2018 01 27 03 25 320  7.7 99.0 99.00 99.00 99.00 999 1027.1  11.9  13.0 999.0 99.0 99.00
2018 01 27 04 25 340  5.7 99.0 99.00 99.00 99.00 999 1027.2  11.9  13.0 999.0 99.0 99.00
2018 01 27 05 25 340  5.1 99.0 99.00 99.00 99.00 999 1028.1  11.8  13.0 999.0 99.0 99.00
2018 01 27 06 25 350  4.6 99.0 99.00 99.00 99.00 999 1028.3  11.5  13.0 999.0 99.0 99.00
2018 01 27 07 15  20  4.6 99.0 99.00 99.00 99.00 999 1028.1  11.3  13.0 999.0 99.0 99.00
2018 01 27 08 15  10  3.1 99.0 99.00 99.00 99.00 999 1028.7  11.1  13.0 999.0 99.0 99.00
2018 01 27 09 15  10  4.6 99.0 99.00 99.00 99.00 999 1028.4  11.3  13.0 999.0 99.0 99.00
2018 01 27 10 15  10  5.1 99.0 99.00 99.00 99.00 999 1028.6  10.8  13.0 999.0 99.0 99.00
2018 01 27 11 15  60  3.6 99.0 99.00 99.00 99.00 999 1028.3  10.4  13.0 999.0 99.0 99.00
2018 01 27 12 15  30  4.6 99.0 99.00 99.00 99.00 999 1028.6  10.4  13.0 999.0 99.0 99.00
2018 01 27 13 15  40  4.1 99.0 99.00 99.00 99.00 999 1028.4  10.1  12.9 999.0 99.0 99.00
2018 01 27 14 15  20  3.6 99.0 99.00 99.00 99.00 999 1029.1   9.5  12.9 999.0 99.0 99.00
2018 01 27 15 15  30  3.6 99.0 99.00 99.00 99.00 999 1029.7   9.8  12.9 999.0 99.0 99.00
2018 01 27 16 15  30  3.6 99.0 99.00 99.00 99.00 999 1030.1  10.2  12.9 999.0 99.0 99.00
2018 01 27 17 15  50  4.1 99.0 99.00 99.00 99.00 999 1030.6  10.2  12.9 999.0 99.0 99.00
2018 01 27 19 15 110  1.5 99.0 99.00 99.00 99.00 999 1030.9  10.8  13.0 999.0 99.0 99.00
2018 01 27 20 15 100  2.1 99.0 99.00 99.00 99.00 999 1030.0  11.9  13.1 999.0 99.0 99.00
2018 01 27 21 15 200  1.0 99.0 99.00 99.00 99.00 999 1029.1  12.4  13.1 999.0 99.0 99.00
2018 01 27 22 15   0  0.0 99.0 99.00 99.00 99.00 999 1028.2  12.6  13.4 999.0 99.0 99.00
2018 01 27 23 15 290  1.0 99.0 99.00 99.00 99.00 999 1027.9  12.9  13.1 999.0 99.0 99.00
2018 01 28 00 15 290  2.1 99.0 99.00 99.00 99.00 999 1027.3  13.3  13.4 999.0 99.0 99.00
2018 01 28 01 15   0  0.0 99.0 99.00 99.00 99.00 999 1027.4  13.8  13.4 999.0 99.0 99.00
2018 01 28 02 15 320  3.1 99.0 99.00 99.00 99.00 999 1027.0  14.0  13.3 999.0 99.0 99.00
2018 01 28 03 15 340  4.6 99.0 99.00 99.00 99.00 999 1027.1  14.2  13.2 999.0 99.0 99.00
2018 01 28 04 15  30  3.6 99.0 99.00 99.00 99.00 999 1027.4  13.9  13.2 999.0 99.0 99.00
2018 01 28 05 15  70  2.6 99.0 99.00 99.00 99.00 999 1027.8  13.8  13.2 999.0 99.0 99.00
2018 01 28 06 15  20  3.1 99.0 99.00 99.00 99.00 999 1027.9  13.4  13.1 999.0 99.0 99.00
2018 01 28 07 15  40  8.2 99.0 99.00 99.00 99.00 999 1027.9  14.0  13.1 999.0 99.0 99.00
2018 01 28 08 15  40  8.8 99.0 99.00 99.00 99.00 999 1027.8  13.8  13.0 999.0 99.0 99.00
2018 01 28 09 15  40  8.8 99.0 99.00 99.00 99.00 999 1027.2  13.2  13.0 999.0 99.0 99.00
2018 01 28 10 15  40  7.7 99.0 99.00 99.00 99.00 999 1026.7  13.6  13.0 999.0 99.0 99.00
2018 01 28 11 15  40  7.7 99.0 99.00 99.00 99.00 999 1026.7  13.6  13.0 999.0 99.0 99.00
2018 01 28 12 15  30  6.2 99.0 99.00 99.00 99.00 999 1026.4  13.2  13.0 999.0 99.0 99.00
2018 01 28 13 15  50  7.7 99.0 99.00 99.00 99.00 999 1026.1  13.0  12.9 999.0 99.0 99.00
2018 01 28 14 15  50  9.8 99.0 99.00 99.00 99.00 999 1025.8  13.2  12.9 999.0 99.0 99.00
2018 01 28 15 15  50  7.2 99.0 99.00 99.00 99.00 999 1026.2  12.4  12.8 999.0 99.0 99.00
2018 01 28 16 15  40  7.7 99.0 99.00 99.00 99.00 999 1026.3  12.8  12.8 999.0 99.0 99.00
2018 01 28 17 15  30  7.7 99.0 99.00 99.00 99.00 999 1026.4  13.0  12.8 999.0 99.0 99.00
2018 01 28 17 55  40  8.8 99.0 99.00 99.00 99.00 999 1026.7  13.7  12.8 999.0 99.0 99.00
2018 01 28 19 15  40  8.2 99.0 99.00 99.00 99.00 999 1026.0  14.1  12.8 999.0 99.0 99.00
2018 01 28 20 15  40  7.7 99.0 99.00 99.00 99.00 999 1025.0  14.9  12.9 999.0 99.0 99.00
2018 01 28 21 15  40  4.6 99.0 99.00 99.00 99.00 999 1024.1  15.0  12.9 999.0 99.0 99.00
2018 01 28 22 15  40  5.1 99.0 99.00 99.00 99.00 999 1023.2  16.3  13.0 999.0 99.0 99.00
2018 01 28 23 15  30  5.7 99.0 99.00 99.00 99.00 999 1023.3  16.8  13.0 999.0 99.0 99.00
2018 01 29 00 15  30  4.6 99.0 99.00 99.00 99.00 999 1023.1  16.6  13.0 999.0 99.0 99.00
2018 01 29 01 15 350  4.6 99.0 99.00 99.00 99.00 999 1022.7  14.7  13.0 999.0 99.0 99.00
2018 01 29 02 15  20  2.6 99.0 99.00 99.00 99.00 999 1022.5  14.8  13.0 999.0 99.0 99.00
2018 01 29 03 15  40  3.1 99.0 99.00 99.00 99.00 999 1022.7  15.1  13.0 999.0 99.0 99.00
2018 01 29 04 15  20  4.1 99.0 99.00 99.00 99.00 999 1022.9  15.0  13.0 999.0 99.0 99.00
2018 01 29 05 15  20  5.7 99.0 99.00 99.00 99.00 999 1023.4  15.3  13.0 999.0 99.0 99.00
2018 01 29 06 15  10  4.1 99.0 99.00 99.00 99.00 999 1024.4  14.9  12.9 999.0 99.0 99.00
2018 01 29 07 05  40  6.7 99.0 99.00 99.00 99.00 999 1023.4  15.0  12.9 999.0 99.0 99.00
2018 01 29 08 15  50  7.2 99.0 99.00 99.00 99.00 999 1023.1  15.1  12.9 999.0 99.0 99.00
2018 01 29 09 15  40  7.2 99.0 99.00 99.00 99.00 999 1023.1  15.9  12.8 999.0 99.0 99.00
2018 01 29 10 15  40  5.1 99.0 99.00 99.00 99.00 999 1022.8  14.4  12.8 999.0 99.0 99.00
2018 01 29 11 15  50  7.2 99.0 99.00 99.00 99.00 999 1022.3  15.1  12.9 999.0 99.0 99.00
2018 01 29 12 15  50  7.2 99.0 99.00 99.00 99.00 999 1021.9  14.9  12.8 999.0 99.0 99.00
2018 01 29 13 15  50  7.7 99.0 99.00 99.00 99.00 999 1021.3  14.8  12.8 999.0 99.0 99.00
2018 01 29 14 15  40  6.7 99.0 99.00 99.00 99.00 999 1021.6  14.5  12.7 999.0 99.0 99.00
2018 01 29 15 15  40  6.7 99.0 99.00 99.00 99.00 999 1022.1  14.5  12.7 999.0 99.0 99.00
2018 01 29 16 15  30  6.2 99.0 99.00 99.00 99.00 999 1022.4  14.5  12.7 999.0 99.0 99.00
2018 01 29 17 15  30  5.7 99.0 99.00 99.00 99.00 999 1022.7  13.7  12.7 999.0 99.0 99.00
2018 01 29 19 15  50  5.1 99.0 99.00 99.00 99.00 999 1021.5  14.6  12.6 999.0 99.0 99.00
2018 01 29 20 15  40  5.7 99.0 99.00 99.00 99.00 999 1020.6  15.1  12.6 999.0 99.0 99.00
2018 01 29 21 15  30  6.7 99.0 99.00 99.00 99.00 999 1019.6  16.0  12.6 999.0 99.0 99.00
2018 01 29 22 15  30  4.1 99.0 99.00 99.00 99.00 999 1019.1  15.1  12.7 999.0 99.0 99.00
2018 01 29 23 15  30  4.1 99.0 99.00 99.00 99.00 999 1019.2  15.8  12.6 999.0 99.0 99.00
2018 01 30 00 15  10  3.6 99.0 99.00 99.00 99.00 999 1019.2  15.5  12.6 999.0 99.0 99.00
2018 01 30 01 15  20  3.1 99.0 99.00 99.00 99.00 999 1019.5  14.8  12.6 999.0 99.0 99.00
2018 01 30 02 15  70  3.6 99.0 99.00 99.00 99.00 999 1019.4  15.7  12.6 999.0 99.0 99.00
2018 01 30 03 15 350  3.6 99.0 99.00 99.00 99.00 999 1020.3  14.4  12.5 999.0 99.0 99.00
2018 01 30 04 15  20  4.1 99.0 99.00 99.00 99.00 999 1020.2  15.1  12.5 999.0 99.0 99.00
2018 01 30 05 15 350  3.6 99.0 99.00 99.00 99.00 999 1020.1  14.1  12.4 999.0 99.0 99.00
2018 01 30 06 15  30  3.6 99.0 99.00 99.00 99.00 999 1019.7  13.6  12.4 999.0 99.0 99.00
2018 01 30 07 15  40  3.6 99.0 99.00 99.00 99.00 999 1019.8  14.0  12.4 999.0 99.0 99.00
2018 01 30 08 15  30  5.1 99.0 99.00 99.00 99.00 999 1019.4  14.1  12.4 999.0 99.0 99.00
2018 01 30 09 15  20  6.2 99.0 99.00 99.00 99.00 999 1019.0  13.8  12.4 999.0 99.0 99.00
2018 01 30 10 15  20  5.1 99.0 99.00 99.00 99.00 999 1018.8  13.6  12.4 999.0 99.0 99.00
2018 01 30 11 05  20  6.2 99.0 99.00 99.00 99.00 999 1018.7  13.5  12.4 999.0 99.0 99.00
2018 01 30 12 15  30  5.1 99.0 99.00 99.00 99.00 999 1018.6  13.4  12.4 999.0 99.0 99.00
2018 01 30 13 15 360  4.1 99.0 99.00 99.00 99.00 999 1019.1  13.2  12.4 999.0 99.0 99.00
2018 01 30 14 15  20  2.6 99.0 99.00 99.00 99.00 999 1019.3  13.3  12.4 999.0 99.0 99.00
2018 01 30 15 15 310  1.5 99.0 99.00 99.00 99.00 999 1019.6  13.5  12.4 999.0 99.0 99.00
2018 01 30 16 15   0  0.0 99.0 99.00 99.00 99.00 999 1019.8  12.9  12.4 999.0 99.0 99.00
2018 01 30 17 15  30  1.5 99.0 99.00 99.00 99.00 999 1020.1  13.0  12.4 999.0 99.0 99.00
2018 01 30 19 15 340  4.1 99.0 99.00 99.00 99.00 999 1020.1  13.1  12.7 999.0 99.0 99.00
2018 01 30 20 05 320  3.1 99.0 99.00 99.00 99.00 999 1019.5  13.2  12.7 999.0 99.0 99.00
2018 01 30 21 15 300  4.6 99.0 99.00 99.00 99.00 999 1018.3  13.3  12.8 999.0 99.0 99.00
2018 01 30 22 05 310  5.1 99.0 99.00 99.00 99.00 999 1017.7  13.4  12.8 999.0 99.0 99.00
2018 01 30 23 15 290  4.1 99.0 99.00 99.00 99.00 999 1017.4  13.4  12.8 999.0 99.0 99.00
2018 01 31 00 15 300  5.1 99.0 99.00 99.00 99.00 999 1017.2  14.0  12.8 999.0 99.0 99.00
2018 01 31 01 15 310  7.2 99.0 99.00 99.00 99.00 999 1016.7  13.6  12.7 999.0 99.0 99.00
2018 01 31 02 15 330  5.7 99.0 99.00 99.00 99.00 999 1016.7  13.5  12.5 999.0 99.0 99.00
2018 01 31 03 15 320  7.2 99.0 99.00 99.00 99.00 999 1017.3  13.4  12.5 999.0 99.0 99.00
2018 01 31 04 15 320  7.2 99.0 99.00 99.00 99.00 999 1017.4  13.4  12.5 999.0 99.0 99.00
2018 01 31 05 15 310  4.1 99.0 99.00 99.00 99.00 999 1017.9  13.2  12.5 999.0 99.0 99.00
2018 01 31 06 15 330  3.6 99.0 99.00 99.00 99.00 999 1018.3  13.1  12.5 999.0 99.0 99.00
2018 01 31 07 15 300  3.6 99.0 99.00 99.00 99.00 999 1018.2  12.9  12.5 999.0 99.0 99.00
2018 01 31 08 15 330  3.6 99.0 99.00 99.00 99.00 999 1018.1  12.8  12.5 999.0 99.0 99.00
2018 01 31 09 15  70  1.0 99.0 99.00 99.00 99.00 999 1017.8  12.9  12.5 999.0 99.0 99.00
2018 01 31 11 05 310  4.1 99.0 99.00 99.00 99.00 999 1017.8  12.7  12.5 999.0 99.0 99.00
2018 01 31 12 15 310  3.1 99.0 99.00 99.00 99.00 999 1018.4  11.7  12.6 999.0 99.0 99.00
2018 01 31 13 05  40  3.1 99.0 99.00 99.00 99.00 999 1018.2  11.8  12.5 999.0 99.0 99.00
2018 01 31 14 15  40  4.6 99.0 99.00 99.00 99.00 999 1018.0  11.7  12.5 999.0 99.0 99.00
2018 01 31 15 15  40  3.1 99.0 99.00 99.00 99.00 999 1018.5  12.1  12.5 999.0 99.0 99.00
2018 01 31 16 15  50  4.1 99.0 99.00 99.00 99.00 999 1019.0  11.9  12.6 999.0 99.0 99.00
2018 01 31 17 05  50  5.1 99.0 99.00 99.00 99.00 999 1018.3  12.1  12.7 999.0 99.0 99.00
2018 01 31 19 15 340  3.6 99.0 99.00 99.00 99.00 999 1018.6  12.7  13.0 999.0 99.0 99.00
2018 01 31 20 05 330  3.6 99.0 99.00 99.00 99.00 999 1017.8  13.1  13.0 999.0 99.0 99.00
2018 01 31 21 15 310  5.1 99.0 99.00 99.00 99.00 999 1016.6  13.3  13.2 999.0 99.0 99.00
2018 01 31 22 15 300  6.7 99.0 99.00 99.00 99.00 999 1015.9  13.3  13.3 999.0 99.0 99.00
2018 01 31 23 15 290  7.7 99.0 99.00 99.00 99.00 999 1015.9  13.6  13.3 999.0 99.0 99.00
