#YY  MM DD hh mm WDIR WSPD GST  WVHT   DPD   APD MWD   PRES  ATMP  WTMP  DEWP  VIS  TIDE
#yr  mo dy hr mn degT m/s  m/s     m   sec   sec deg    hPa  degC  degC  degC  nmi    ft
2018 05 01 00 05 290  8.8 99.0 99.00 99.00 99.00 999 1015.9  11.8  11.8 999.0 99.0 99.00
2018 05 01 01 05 300  7.7 99.0 99.00 99.00 99.00 999 1015.3  11.7  11.7 999.0 99.0 99.00
2018 05 01 02 05 300 10.8 99.0 99.00 99.00 99.00 999 1014.5  11.6  11.6 999.0 99.0 99.00
2018 05 01 03 05 310  9.3 99.0 99.00 99.00 99.00 999 1014.3  11.4  11.5 999.0 99.0 99.00
2018 05 01 04 05 310  9.8 99.0 99.00 99.00 99.00 999 1014.3  11.3  11.5 999.0 99.0 99.00
2018 05 01 05 05 310 10.3 99.0 99.00 99.00 99.00 999 1013.9  11.2  11.4 999.0 99.0 99.00
2018 05 01 06 05 310  9.8 99.0 99.00 99.00 99.00 999 1013.8  11.2  11.4 999.0 99.0 99.00
2018 05 01 07 05 310  8.2 99.0 99.00 99.00 99.00 999 1013.6  11.2  11.3 999.0 99.0 99.00
2018 05 01 08 05 300  6.2 99.0 99.00 99.00 99.00 999 1013.2  11.1  11.4 999.0 99.0 99.00
2018 05 01 09 05 300  4.6 99.0 99.00 99.00 99.00 999 1013.1  11.1  11.4 999.0 99.0 99.00
2018 05 01 10 05 290  5.1 99.0 99.00 99.00 99.00 999 1012.6  11.2  11.4 999.0 99.0 99.00
2018 05 01 11 05 290  4.1 99.0 99.00 99.00 99.00 999 1012.5  11.2  11.4 999.0 99.0 99.00
2018 05 01 12 05 310  3.1 99.0 99.00 99.00 99.00 999 1012.5  10.9  11.4 999.0 99.0 99.00
2018 05 01 13 05 340  3.6 99.0 99.00 99.00 99.00 999 1012.5  10.6  11.4 999.0 99.0 99.00
2018 05 01 14 05 330  2.1 99.0 99.00 99.00 99.00 999 1012.7  10.5  11.3 999.0 99.0 99.00
2018 05 01 15 05 300  0.5 99.0 99.00 99.00 99.00 999 1012.6  10.5  11.3 999.0 99.0 99.00
2018 05 01 16 05  60  0.5 99.0 99.00 99.00 99.00 999 1013.3  10.7  11.3 999.0 99.0 99.00
2018 05 01 17 05 270  0.5 99.0 99.00 99.00 99.00 999 1013.3  10.8  11.3 999.0 99.0 99.00
2018 05 01 18 05 240  2.1 99.0 99.00 99.00 99.00 999 1013.2  11.0  11.5 999.0 99.0 99.00
2018 05 01 19 05 300  2.1 99.0 99.00 99.00 99.00 999 1013.1  11.3  11.5 999.0 99.0 99.00
2018 05 01 20 05 300  6.2 99.0 99.00 99.00 99.00 999 1012.7  11.2  11.6 999.0 99.0 99.00
2018 05 01 21 05 290  7.2 99.0 99.00 99.00 99.00 999 1012.5  11.4  11.7 999.0 99.0 99.00
2018 05 01 22 06 280  7.2 99.0 99.00 99.00 99.00 999 1012.3  11.7  11.7 999.0 99.0 99.00
2018 05 01 23 05 280  8.8 99.0 99.00 99.00 99.00 999 1011.6  11.7  11.8 999.0 99.0 99.00
2018 05 02 00 05 280  8.2 99.0 99.00 99.00 99.00 999 1011.3  11.7  11.7 999.0 99.0 99.00
2018 05 02 01 05 280  7.7 99.0 99.00 99.00 99.00 999 1011.6  11.8  11.7 999.0 99.0 99.00
2018 05 02 02 05 290  7.7 99.0 99.00 99.00 99.00 999 1011.7  11.8  11.6 999.0 99.0 99.00
2018 05 02 03 05 280  6.2 99.0 99.00 99.00 99.00 999 1012.0  11.7  11.5 999.0 99.0 99.00
2018 05 02 04 05 290  7.2 99.0 99.00 99.00 99.00 999 1012.4  11.5  11.5 999.0 99.0 99.00
2018 05 02 05 05 300  7.2 99.0 99.00 99.00 99.00 999 1013.3  11.7  11.5 999.0 99.0 99.00
2018 05 02 06 05 300  7.2 99.0 99.00 99.00 99.00 999 1013.4  11.6  11.5 999.0 99.0 99.00
2018 05 02 07 05 310  6.2 99.0 99.00 99.00 99.00 999 1013.4  11.7  11.4 999.0 99.0 99.00
2018 05 02 08 05 300  5.1 99.0 99.00 99.00 99.00 999 1013.5  11.7  11.4 999.0 99.0 99.00
2018 05 02 09 05 290  3.1 99.0 99.00 99.00 99.00 999 1013.3  11.7  11.4 999.0 99.0 99.00
2018 05 02 10 05 280  4.1 99.0 99.00 99.00 99.00 999 1013.0  11.6  11.4 999.0 99.0 99.00
2018 05 02 11 05 290  2.6 99.0 99.00 99.00 99.00 999 1013.3  11.6  11.3 999.0 99.0 99.00
2018 05 02 12 05 270  3.1 99.0 99.00 99.00 99.00 999 1013.6  11.6  11.3 999.0 99.0 99.00
2018 05 02 13 05 310  1.5 99.0 99.00 99.00 99.00 999 1014.2  11.6  11.3 999.0 99.0 99.00
2018 05 02 14 05 300  2.1 99.0 99.00 99.00 99.00 999 1015.2  11.6  11.3 999.0 99.0 99.00
2018 05 02 15 05 300  1.0 99.0 99.00 99.00 99.00 999 1015.9  11.7  11.4 999.0 99.0 99.00
2018 05 02 16 05 100  1.5 99.0 99.00 99.00 99.00 999 1016.0  11.7  11.5 999.0 99.0 99.00
2018 05 02 17 05 100  1.0 99.0 99.00 99.00 99.00 999 1016.0  12.1  11.6 999.0 99.0 99.00
2018 05 02 18 05 280  2.1 99.0 99.00 99.00 99.00 999 1016.9  12.1  12.2 999.0 99.0 99.00
2018 05 02 19 05 260  2.6 99.0 99.00 99.00 99.00 999 1017.3  12.2  12.7 999.0 99.0 99.00
2018 05 02 20 05 250  4.6 99.0 99.00 99.00 99.00 999 1017.5  12.4  12.2 999.0 99.0 99.00
2018 05 02 21 05 240  4.6 99.0 99.00 99.00 99.00 999 1017.7  12.7  12.4 999.0 99.0 99.00
2018 05 02 22 06 250  5.1 99.0 99.00 99.00 99.00 999 1017.7  12.7  12.4 999.0 99.0 99.00
2018 05 02 23 05 260  5.1 99.0 99.00 99.00 99.00 999 1017.7  12.7  12.5 999.0 99.0 99.00
2018 05 03 00 05 270  5.7 99.0 99.00 99.00 99.00 999 1018.1  12.6  12.2 999.0 99.0 99.00
2018 05 03 01 05 270  4.6 99.0 99.00 99.00 99.00 999 1018.3  12.5  12.4 999.0 99.0 99.00
2018 05 03 02 05 270  3.1 99.0 99.00 99.00 99.00 999 1018.5  12.6  12.5 999.0 99.0 99.00
2018 05 03 03 05 270  2.6 99.0 99.00 99.00 99.00 999 1018.8  12.3  12.2 999.0 99.0 99.00
2018 05 03 04 05 290  2.1 99.0 99.00 99.00 99.00 999 1019.6  12.3  12.1 999.0 99.0 99.00
2018 05 03 05 05 300  2.1 99.0 99.00 99.00 99.00 999 1020.4  12.2  12.2 999.0 99.0 99.00
2018 05 03 06 05 290  2.6 99.0 99.00 99.00 99.00 999 1020.7  12.0  12.3 999.0 99.0 99.00
2018 05 03 07 05 250  1.5 99.0 99.00 99.00 99.00 999 1020.8  11.9  12.3 999.0 99.0 99.00
2018 05 03 08 05 270  1.5 99.0 99.00 99.00 99.00 999 1021.0  11.8  12.1 999.0 99.0 99.00
2018 05 03 09 05 310  2.6 99.0 99.00 99.00 99.00 999 1021.5  11.7  12.1 999.0 99.0 99.00
2018 05 03 10 05 290  2.6 99.0 99.00 99.00 99.00 999 1021.6  11.6  11.9 999.0 99.0 99.00
2018 05 03 11 05 260  1.0 99.0 99.00 99.00 99.00 999 1021.9  11.6  11.9 999.0 99.0 99.00
2018 05 03 12 25 270  2.1 99.0 99.00 99.00 99.00 999 1022.3  11.7  11.9 999.0 99.0 99.00
2018 05 03 13 15 280  1.0 99.0 99.00 99.00 99.00 999 1022.7  11.6  11.9 999.0 99.0 99.00
2018 05 03 14 05 290  1.0 99.0 99.00 99.00 99.00 999 1023.5  11.7  11.9 999.0 99.0 99.00
2018 05 03 15 05  10  2.6 99.0 99.00 99.00 99.00 999 1024.0  11.6  11.9 999.0 99.0 99.00
2018 05 03 16 05 360  2.6 99.0 99.00 99.00 99.00 999 1024.5  11.4  11.9 999.0 99.0 99.00
2018 05 03 17 05 340  3.6 99.0 99.00 99.00 99.00 999 1024.9  11.4  11.8 999.0 99.0 99.00
2018 05 03 18 05 330  3.1 99.0 99.00 99.00 99.00 999 1025.4  11.1  11.7 999.0 99.0 99.00
2018 05 03 19 05 310  3.1 99.0 99.00 99.00 99.00 999 1025.8  11.5  11.9 999.0 99.0 99.00
2018 05 03 20 05 300  4.1 99.0 99.00 99.00 99.00 999 1025.4  11.8  12.1 999.0 99.0 99.00
2018 05 03 21 05 300  4.1 99.0 99.00 99.00 99.00 999 1024.9  12.3  12.3 999.0 99.0 99.00
2018 05 03 22 05 300  4.6 99.0 99.00 99.00 99.00 999 1024.4  12.4  12.6 999.0 99.0 99.00
2018 05 03 23 05 300  5.7 99.0 99.00 99.00 99.00 999 1023.6  12.4  12.4 999.0 99.0 99.00
2018 05 04 00 05 310  6.2 99.0 99.00 99.00 99.00 999 1022.8  12.5  12.5 999.0 99.0 99.00
2018 05 04 01 05 310  6.2 99.0 99.00 99.00 99.00 999 1022.2  12.4  12.7 999.0 99.0 99.00
2018 05 04 02 05 310  8.2 99.0 99.00 99.00 99.00 999 1022.1  12.3  12.7 999.0 99.0 99.00
2018 05 04 03 05 310  8.8 99.0 99.00 99.00 99.00 999 1022.1  11.9  12.5 999.0 99.0 99.00
2018 05 04 04 05 300  7.7 99.0 99.00 99.00 99.00 999 1022.7  11.7  12.3 999.0 99.0 99.00
2018 05 04 05 05 310  7.7 99.0 99.00 99.00 99.00 999 1022.8  11.6  12.2 999.0 99.0 99.00
2018 05 04 06 05 320  5.7 99.0 99.00 99.00 99.00 999 1022.7  12.0  12.2 999.0 99.0 99.00
2018 05 04 07 05 340  5.1 99.0 99.00 99.00 99.00 999 1023.0  12.0  12.1 999.0 99.0 99.00
2018 05 04 08 05 330  5.1 99.0 99.00 99.00 99.00 999 1023.3  11.7  12.1 999.0 99.0 99.00
2018 05 04 09 05 330  6.2 99.0 99.00 99.00 99.00 999 1023.4  11.3  12.0 999.0 99.0 99.00
2018 05 04 10 05 330  4.6 99.0 99.00 99.00 99.00 999 1023.2  11.2  11.8 999.0 99.0 99.00
2018 05 04 11 05  20  1.5 99.0 99.00 99.00 99.00 999 1022.8  11.2  11.7 999.0 99.0 99.00
2018 05 04 12 05  50  4.6 99.0 99.00 99.00 99.00 999 1022.2  11.3  11.7 999.0 99.0 99.00
2018 05 04 13 05  50  3.1 99.0 99.00 99.00 99.00 999 1022.9  10.5  11.6 999.0 99.0 99.00
2018 05 04 14 05 330  5.7 99.0 99.00 99.00 99.00 999 1024.1  11.0  11.6 999.0 99.0 99.00
2018 05 04 15 05  80  3.6 99.0 99.00 99.00 99.00 999 1024.2  11.0  11.6 999.0 99.0 99.00
2018 05 04 16 05 360  1.5 99.0 99.00 99.00 99.00 999 1024.7  10.9  11.6 999.0 99.0 99.00
2018 05 04 17 05  20  2.1 99.0 99.00 99.00 99.00 999 1024.4  11.1  11.7 999.0 99.0 99.00
2018 05 04 18 05 300  5.1 99.0 99.00 99.00 99.00 999 1024.7  11.5  11.8 999.0 99.0 99.00
2018 05 04 19 05 310  8.8 99.0 99.00 99.00 99.00 999 1023.3  11.2  11.6 999.0 99.0 99.00
2018 05 04 20 05 310  7.7 99.0 99.00 99.00 99.00 999 1022.9  11.2  11.7 999.0 99.0 99.00
2018 05 04 21 05 300  7.7 99.0 99.00 99.00 99.00 999 1022.8  11.4  11.8 999.0 99.0 99.00
2018 05 04 22 05 300  7.7 99.0 99.00 99.00 99.00 999 1022.4  11.7  12.0 999.0 99.0 99.00
2018 05 04 23 05 290  7.2 99.0 99.00 99.00 99.00 999 1021.3  11.6  11.9 999.0 99.0 99.00
2018 05 05 00 05 290  6.7 99.0 99.00 99.00 99.00 999 1021.1  11.9  11.9 999.0 99.0 99.00
2018 05 05 01 05 290  6.2 99.0 99.00 99.00 99.00 999 1020.7  11.8  11.8 999.0 99.0 99.00
2018 05 05 02 05 300  6.2 99.0 99.00 99.00 99.00 999 1020.1  11.8  11.8 999.0 99.0 99.00
2018 05 05 03 05 310 10.3 99.0 99.00 99.00 99.00 999 1019.7  11.7  11.8 999.0 99.0 99.00
2018 05 05 04 05 310  9.3 99.0 99.00 99.00 99.00 999 1019.8  11.7  11.7 999.0 99.0 99.00
2018 05 05 05 05 310  7.7 99.0 99.00 99.00 99.00 999 1020.4  11.5  11.6 999.0 99.0 99.00
2018 05 05 06 05 310  3.6 99.0 99.00 99.00 99.00 999 1019.8  11.9  11.5 999.0 99.0 99.00
2018 05 05 07 05 320  4.1 99.0 99.00 99.00 99.00 999 1019.5  11.9  11.5 999.0 99.0 99.00
2018 05 05 08 05  10  3.6 99.0 99.00 99.00 99.00 999 1018.9  12.0  11.4 999.0 99.0 99.00
2018 05 05 09 05  10  3.1 99.0 99.00 99.00 99.00 999 1018.8  11.8  11.4 999.0 99.0 99.00
2018 05 05 10 05 340  2.6 99.0 99.00 99.00 99.00 999 1018.4  11.7  11.4 999.0 99.0 99.00
2018 05 05 11 05 310  3.6 99.0 99.00 99.00 99.00 999 1018.0  11.2  11.4 999.0 99.0 99.00
2018 05 05 12 05 320  7.2 99.0 99.00 99.00 99.00 999 1018.4  10.4  11.3 999.0 99.0 99.00
2018 05 05 13 05 300  7.2 99.0 99.00 99.00 99.00 999 1018.8  10.7  11.3 999.0 99.0 99.00
2018 05 05 14 05 300  7.2 99.0 99.00 99.00 99.00 999 1019.3  11.1  11.2 999.0 99.0 99.00
2018 05 05 15 05 310  6.2 99.0 99.00 99.00 99.00 999 1019.4  11.1  11.2 999.0 99.0 99.00
2018 05 05 16 05 290  6.7 99.0 99.00 99.00 99.00 999 1019.6  11.2  11.2 999.0 99.0 99.00
2018 05 05 17 05 300  6.2 99.0 99.00 99.00 99.00 999 1019.7  11.2  11.2 999.0 99.0 99.00
2018 05 05 18 05 300  5.7 99.0 99.00 99.00 99.00 999 1019.4  11.3  11.3 999.0 99.0 99.00
2018 05 05 19 05 310  6.7 99.0 99.00 99.00 99.00 999 1018.9  11.5  11.5 999.0 99.0 99.00
2018 05 05 20 05 300  7.2 99.0 99.00 99.00 99.00 999 1017.4  11.5  11.5 999.0 99.0 99.00
2018 05 05 21 05 290  6.7 99.0 99.00 99.00 99.00 999 1017.2  11.6  11.5 999.0 99.0 99.00
2018 05 05 22 05 290  8.2 99.0 99.00 99.00 99.00 999 1016.9  11.6  11.6 999.0 99.0 99.00
2018 05 05 23 05 280  7.2 99.0 99.00 99.00 99.00 999 1016.7  11.4  11.4 999.0 99.0 99.00
2018 05 06 00 05 290  6.7 99.0 99.00 99.00 99.00 999 1016.5  11.6  11.3 999.0 99.0 99.00
2018 05 06 01 05 280  7.7 99.0 99.00 99.00 99.00 999 1016.5  11.8  11.3 999.0 99.0 99.00
2018 05 06 02 05 290  6.7 99.0 99.00 99.00 99.00 999 1016.0  11.8  11.3 999.0 99.0 99.00
2018 05 06 03 05 300  5.1 99.0 99.00 99.00 99.00 999 1016.0  11.7  11.3 999.0 99.0 99.00
2018 05 06 04 05 300  6.2 99.0 99.00 99.00 99.00 999 1016.5  11.6  11.3 999.0 99.0 99.00
2018 05 06 05 05 290  6.2 99.0 99.00 99.00 99.00 999 1017.5  11.4  11.3 999.0 99.0 99.00
2018 05 06 06 05 290  6.2 99.0 99.00 99.00 99.00 999 1017.9  11.5  11.3 999.0 99.0 99.00
2018 05 06 07 05 300  8.2 99.0 99.00 99.00 99.00 999 1017.9  11.4  11.3 999.0 99.0 99.00
2018 05 06 08 05 310  5.1 99.0 99.00 99.00 99.00 999 1018.3  11.3  11.3 999.0 99.0 99.00
2018 05 06 09 05 310  3.6 99.0 99.00 99.00 99.00 999 1017.9  11.3  11.5 999.0 99.0 99.00
2018 05 06 10 05 320  4.6 99.0 99.00 99.00 99.00 999 1017.9  11.2  11.7 999.0 99.0 99.00
2018 05 06 11 05 340  3.6 99.0 99.00 99.00 99.00 999 1017.9  11.4  11.8 999.0 99.0 99.00
2018 05 06 12 05 340  4.1 99.0 99.00 99.00 99.00 999 1018.2  11.3  11.8 999.0 99.0 99.00
2018 05 06 13 05 350  3.1 99.0 99.00 99.00 99.00 999 1018.1  11.7  11.9 999.0 99.0 99.00
2018 05 06 14 05 330  2.6 99.0 99.00 99.00 99.00 999 1018.1  11.7  11.9 999.0 99.0 99.00
2018 05 06 15 05 340  4.1 99.0 99.00 99.00 99.00 999 1018.5  11.4  11.9 999.0 99.0 99.00
2018 05 06 16 05 340  3.6 99.0 99.00 99.00 99.00 999 1018.5  11.4  11.8 999.0 99.0 99.00
2018 05 06 17 05 310  4.1 99.0 99.00 99.00 99.00 999 1018.7  11.7  11.8 999.0 99.0 99.00
2018 05 06 18 05 320  6.2 99.0 99.00 99.00 99.00 999 1019.0  11.5  11.8 999.0 99.0 99.00
2018 05 06 19 05 300  6.7 99.0 99.00 99.00 99.00 999 1019.1  11.6  11.8 999.0 99.0 99.00
2018 05 06 20 05 290  7.2 99.0 99.00 99.00 99.00 999 1019.0  11.6  11.5 999.0 99.0 99.00
2018 05 06 21 05 290 10.8 99.0 99.00 99.00 99.00 999 1018.7  11.8  11.4 999.0 99.0 99.00
2018 05 06 22 05 300  9.3 99.0 99.00 99.00 99.00 999 1018.5  11.8  11.3 999.0 99.0 99.00
2018 05 06 23 05 310  8.8 99.0 99.00 99.00 99.00 999 1017.6  12.1  11.0 999.0 99.0 99.00
2018 05 07 00 05 320  9.3 99.0 99.00 99.00 99.00 999 1017.4  12.5  11.1 999.0 99.0 99.00
2018 05 07 01 05 320  8.2 99.0 99.00 99.00 99.00 999 1017.6  12.4  11.1 999.0 99.0 99.00
2018 05 07 02 05 320  8.8 99.0 99.00 99.00 99.00 999 1017.5  12.4  11.1 999.0 99.0 99.00
2018 05 07 03 05 310  8.2 99.0 99.00 99.00 99.00 999 1018.2  12.1  11.3 999.0 99.0 99.00
2018 05 07 04 05 310  9.3 99.0 99.00 99.00 99.00 999 1018.6  12.1  11.1 999.0 99.0 99.00
2018 05 07 05 05 310  8.2 99.0 99.00 99.00 99.00 999 1018.8  11.9  11.2 999.0 99.0 99.00
2018 05 07 06 05 310  7.7 99.0 99.00 99.00 99.00 999 1019.4  11.8  11.2 999.0 99.0 99.00
2018 05 07 07 05 320  6.2 99.0 99.00 99.00 99.00 999 1019.1  12.0  11.4 999.0 99.0 99.00
2018 05 07 08 05 320  7.7 99.0 99.00 99.00 99.00 999 1019.3  12.0  11.4 999.0 99.0 99.00
2018 05 07 09 05 310  7.7 99.0 99.00 99.00 99.00 999 1019.5  11.9  11.4 999.0 99.0 99.00
2018 05 07 10 05 330  6.7 99.0 99.00 99.00 99.00 999 1019.0  11.8  11.7 999.0 99.0 99.00
2018 05 07 11 05 360  1.0 99.0 99.00 99.00 99.00 999 1019.5  12.4  11.7 999.0 99.0 99.00
2018 05 07 12 05 330  3.6 99.0 99.00 99.00 99.00 999 1019.6  12.0  11.7 999.0 99.0 99.00
2018 05 07 13 25 330  2.6 99.0 99.00 99.00 99.00 999 1019.6  11.8  11.7 999.0 99.0 99.00
2018 05 07 14 25  30  1.5 99.0 99.00 99.00 99.00 999 1020.2  11.9  11.7 999.0 99.0 99.00
2018 05 07 15 25 340  2.1 99.0 99.00 99.00 99.00 999 1020.8  12.1  11.7 999.0 99.0 99.00
2018 05 07 16 25 290  1.0 99.0 99.00 99.00 99.00 999 1020.8  12.5  11.8 999.0 99.0 99.00
2018 05 07 17 25 270  2.1 99.0 99.00 99.00 99.00 999 1021.0  12.3  11.8 999.0 99.0 99.00
2018 05 07 18 25 310  5.7 99.0 99.00 99.00 99.00 999 1020.6  12.5  12.1 999.0 99.0 99.00
2018 05 07 19 25 290  6.2 99.0 99.00 99.00 99.00 999 1020.8  12.5  11.9 999.0 99.0 99.00
2018 05 07 20 25 290  7.7 99.0 99.00 99.00 99.00 999 1020.3  12.5  11.8 999.0 99.0 99.00
2018 05 07 21 25 290  8.8 99.0 99.00 99.00 99.00 999 1019.7  12.5  11.8 999.0 99.0 99.00
2018 05 07 22 25 300  9.3 99.0 99.00 99.00 99.00 999 1019.0  12.6  11.6 999.0 99.0 99.00
2018 05 07 23 25 300  9.8 99.0 99.00 99.00 99.00 999 1018.2  12.6  11.5 999.0 99.0 99.00
2018 05 08 00 15 300  9.8 99.0 99.00 99.00 99.00 999 1017.8  12.6  11.4 999.0 99.0 99.00
2018 05 08 01 05 310  8.2 99.0 99.00 99.00 99.00 999 1017.6  12.5  11.3 999.0 99.0 99.00
2018 05 08 02 05 310  9.3 99.0 99.00 99.00 99.00 999 1017.1  12.6  11.2 999.0 99.0 99.00
2018 05 08 03 05 320  8.2 99.0 99.00 99.00 99.00 999 1017.1  12.4  11.1 999.0 99.0 99.00
2018 05 08 04 05 310  8.8 99.0 99.00 99.00 99.00 999 1017.7  12.4  11.1 999.0 99.0 99.00
2018 05 08 05 05 320  8.2 99.0 99.00 99.00 99.00 999 1018.3  12.0  11.1 999.0 99.0 99.00
2018 05 08 06 05 310  7.7 99.0 99.00 99.00 99.00 999 1018.7  11.9  11.2 999.0 99.0 99.00
2018 05 08 07 05 310  6.2 99.0 99.00 99.00 99.00 999 1018.6  11.8  11.2 999.0 99.0 99.00
2018 05 08 08 05 310  6.7 99.0 99.00 99.00 99.00 999 1018.6  11.7  11.3 999.0 99.0 99.00
2018 05 08 09 05 320  5.7 99.0 99.00 99.00 99.00 999 1018.3  11.7  11.3 999.0 99.0 99.00
2018 05 08 10 05 330  5.1 99.0 99.00 99.00 99.00 999 1018.1  11.4  11.4 999.0 99.0 99.00
2018 05 08 11 05 340  3.1 99.0 99.00 99.00 99.00 999 1018.2  11.7  11.4 999.0 99.0 99.00
2018 05 08 12 05  10  3.1 99.0 99.00 99.00 99.00 999 1017.8  11.3  11.4 999.0 99.0 99.00
2018 05 08 13 05  20  3.1 99.0 99.00 99.00 99.00 999 1017.6  11.0  11.4 999.0 99.0 99.00
2018 05 08 14 05 300  3.1 99.0 99.00 99.00 99.00 999 1018.1  10.8  11.3 999.0 99.0 99.00
2018 05 08 15 05 310  5.7 99.0 99.00 99.00 99.00 999 1019.6  10.8  11.3 999.0 99.0 99.00
2018 05 08 16 05 320  7.7 99.0 99.00 99.00 99.00 999 1019.9  11.0  11.2 999.0 99.0 99.00
2018 05 08 17 05 310  5.7 99.0 99.00 99.00 99.00 999 1020.6  11.4  11.2 999.0 99.0 99.00
2018 05 08 18 05 300  3.1 99.0 99.00 99.00 99.00 999 1020.8  11.5  11.3 999.0 99.0 99.00
2018 05 08 19 05 300  5.1 99.0 99.00 99.00 99.00 999 1020.6  11.7  11.3 999.0 99.0 99.00
2018 05 08 20 05 300  4.1 99.0 99.00 99.00 99.00 999 1020.3  11.8  11.2 999.0 99.0 99.00
2018 05 08 21 05 280  4.1 99.0 99.00 99.00 99.00 999 1019.8  12.1  11.3 999.0 99.0 99.00
2018 05 08 22 05 300  5.1 99.0 99.00 99.00 99.00 999 1019.7  12.3  11.4 999.0 99.0 99.00
2018 05 08 23 05 290  8.2 99.0 99.00 99.00 99.00 999 1018.1  12.0  11.3 999.0 99.0 99.00
2018 05 09 00 05 310  6.2 99.0 99.00 99.00 99.00 999 1018.0  12.4  11.1 999.0 99.0 99.00
2018 05 09 01 05 310  3.6 99.0 99.00 99.00 99.00 999 1018.4  12.2  11.1 999.0 99.0 99.00
2018 05 09 02 05 310  7.2 99.0 99.00 99.00 99.00 999 1017.3  11.6  11.0 999.0 99.0 99.00
2018 05 09 03 05 320  5.7 99.0 99.00 99.00 99.00 999 1017.9  11.6  11.0 999.0 99.0 99.00
2018 05 09 04 05 310  6.2 99.0 99.00 99.00 99.00 999 1018.1  12.2  11.0 999.0 99.0 99.00
2018 05 09 05 05 320  7.7 99.0 99.00 99.00 99.00 999 1018.2  11.7  10.9 999.0 99.0 99.00
2018 05 09 06 05 310  7.2 99.0 99.00 99.00 99.00 999 1018.9  11.3  10.9 999.0 99.0 99.00
2018 05 09 07 05 310  7.2 99.0 99.00 99.00 99.00 999 1018.5  11.1  10.8 999.0 99.0 99.00
2018 05 09 08 05 310  3.1 99.0 99.00 99.00 99.00 999 1019.0  11.6  10.8 999.0 99.0 99.00
2018 05 09 09 05  20  3.1 99.0 99.00 99.00 99.00 999 1018.7  11.4  10.9 999.0 99.0 99.00
2018 05 09 10 05 320  1.0 99.0 99.00 99.00 99.00 999 1018.7  11.2  10.9 999.0 99.0 99.00
2018 05 09 11 05   0  0.0 99.0 99.00 99.00 99.00 999 1018.8  11.3  10.9 999.0 99.0 99.00
2018 05 09 12 05   0  0.0 99.0 99.00 99.00 99.00 999 1018.7  11.3  10.9 999.0 99.0 99.00
2018 05 09 13 05 300  7.2 99.0 99.00 99.00 99.00 999 1018.8  12.0  10.8 999.0 99.0 99.00
2018 05 09 14 05 310  6.7 99.0 99.00 99.00 99.00 999 1019.4  11.8  10.7 999.0 99.0 99.00
2018 05 09 15 05 300  7.7 99.0 99.00 99.00 99.00 999 1019.3  11.2  10.9 999.0 99.0 99.00
2018 05 09 16 05 310  8.2 99.0 99.00 99.00 99.00 999 1020.0  11.6  10.9 999.0 99.0 99.00
2018 05 09 17 05 310  5.7 99.0 99.00 99.00 99.00 999 1020.4  11.8  10.9 999.0 99.0 99.00
2018 05 09 18 05 310  6.2 99.0 99.00 99.00 99.00 999 1020.3  12.3  10.8 999.0 99.0 99.00
2018 05 09 19 05 300  7.7 99.0 99.00 99.00 99.00 999 1020.0  12.2  10.8 999.0 99.0 99.00
2018 05 09 20 05 300  6.7 99.0 99.00 99.00 99.00 999 1019.0  12.5  11.1 999.0 99.0 99.00
2018 05 09 21 05 300  8.2 99.0 99.00 99.00 99.00 999 1018.1  12.4  11.1 999.0 99.0 99.00
2018 05 09 22 05 300 10.8 99.0 99.00 99.00 99.00 999 1017.2  12.5  11.1 999.0 99.0 99.00
2018 05 09 23 05 300 10.8 99.0 99.00 99.00 99.00 999 1016.4  12.9  11.1 999.0 99.0 99.00
2018 05 10 00 05 300 12.9 99.0 99.00 99.00 99.00 999 1015.8  13.0  11.0 999.0 99.0 99.00
2018 05 10 01 05 300 11.8 99.0 99.00 99.00 99.00 999 1015.7  12.8  10.8 999.0 99.0 99.00
2018 05 10 02 05 300 10.8 99.0 99.00 99.00 99.00 999 1015.5  12.6  10.9 999.0 99.0 99.00
2018 05 10 03 05 300 11.8 99.0 99.00 99.00 99.00 999 1015.6  12.5  10.8 999.0 99.0 99.00
2018 05 10 04 05 300 10.3 99.0 99.00 99.00 99.00 999 1016.1  12.5  10.8 999.0 99.0 99.00
2018 05 10 05 05 310  8.2 99.0 99.00 99.00 99.00 999 1016.9  12.3  10.7 999.0 99.0 99.00
2018 05 10 06 05 310  8.2 99.0 99.00 99.00 99.00 999 1017.1  12.3  10.7 999.0 99.0 99.00
2018 05 10 07 05 300  7.2 99.0 99.00 99.00 99.00 999 1017.2  12.0  10.7 999.0 99.0 99.00
2018 05 10 08 05 320  6.2 99.0 99.00 99.00 99.00 999 1016.6  12.1  10.7 999.0 99.0 99.00
2018 05 10 09 05 320  5.1 99.0 99.00 99.00 99.00 999 1015.8  11.6  10.6 999.0 99.0 99.00
2018 05 10 10 05 310  7.7 99.0 99.00 99.00 99.00 999 1015.6  11.9  10.6 999.0 99.0 99.00
2018 05 10 11 05 310  8.2 99.0 99.00 99.00 99.00 999 1015.4  11.7  10.6 999.0 99.0 99.00
2018 05 10 12 05 310  6.7 99.0 99.00 99.00 99.00 999 1015.5  11.6  10.6 999.0 99.0 99.00
2018 05 10 13 05 300  7.7 99.0 99.00 99.00 99.00 999 1015.4  11.4  10.6 999.0 99.0 99.00
2018 05 10 14 05 300  7.2 99.0 99.00 99.00 99.00 999 1015.3  11.2  10.6 999.0 99.0 99.00
2018 05 10 15 05 320  5.7 99.0 99.00 99.00 99.00 999 1015.8  11.2  10.6 999.0 99.0 99.00
2018 05 10 16 05 300  7.2 99.0 99.00 99.00 99.00 999 1016.4  11.5  10.7 999.0 99.0 99.00
2018 05 10 23 05 300 10.3 99.0 99.00 99.00 99.00 999 1013.7  12.2  10.9 999.0 99.0 99.00
2018 05 11 00 05 300 12.4 99.0 99.00 99.00 99.00 999 1012.8  12.2  10.8 999.0 99.0 99.00
2018 05 11 01 05 300 11.8 99.0 99.00 99.00 99.00 999 1012.5  12.1  10.7 999.0 99.0 99.00
2018 05 11 02 05 300 11.8 99.0 99.00 99.00 99.00 999 1012.4  12.2  10.7 999.0 99.0 99.00
2018 05 11 03 05 310 10.3 99.0 99.00 99.00 99.00 999 1013.1  11.9  10.6 999.0 99.0 99.00
2018 05 11 04 05 310  9.3 99.0 99.00 99.00 99.00 999 1013.4  11.8  10.6 999.0 99.0 99.00
2018 05 11 05 05 300  7.7 99.0 99.00 99.00 99.00 999 1013.7  11.7  10.5 999.0 99.0 99.00
2018 05 11 06 05 290  7.7 99.0 99.00 99.00 99.00 999 1013.7  11.6  10.6 999.0 99.0 99.00
2018 05 11 07 05 300  8.2 99.0 99.00 99.00 99.00 999 1013.1  11.7  10.7 999.0 99.0 99.00
2018 05 11 08 05 310  7.2 99.0 99.00 99.00 99.00 999 1013.1  11.6  10.8 999.0 99.0 99.00
2018 05 11 09 05 310  7.2 99.0 99.00 99.00 99.00 999 1012.5  11.4  10.8 999.0 99.0 99.00
2018 05 11 10 05 320  5.7 99.0 99.00 99.00 99.00 999 1012.0  11.3  10.8 999.0 99.0 99.00
2018 05 11 11 05 310  6.2 99.0 99.00 99.00 99.00 999 1011.5  11.0  10.8 999.0 99.0 99.00
2018 05 11 12 05 300  3.6 99.0 99.00 99.00 99.00 999 1011.1  11.0  10.8 999.0 99.0 99.00
2018 05 11 13 05 300  2.6 99.0 99.00 99.00 99.00 999 1010.9  11.0  10.8 999.0 99.0 99.00
2018 05 11 14 05 320  1.5 99.0 99.00 99.00 99.00 999 1011.0  10.9  10.9 999.0 99.0 99.00
2018 05 11 15 05   0  0.0 99.0 99.00 99.00 99.00 999 1011.1  11.3  10.9 999.0 99.0 99.00
2018 05 11 17 05 280  3.1 99.0 99.00 99.00 99.00 999 1011.5  11.0  10.9 999.0 99.0 99.00
2018 05 11 18 05 280  4.1 99.0 99.00 99.00 99.00 999 1011.6  10.9  10.9 999.0 99.0 99.00
2018 05 11 19 05 290  2.1 99.0 99.00 99.00 99.00 999 1011.1  10.9  10.7 999.0 99.0 99.00
2018 05 11 20 05 300  7.2 99.0 99.00 99.00 99.00 999 1010.1  11.4  10.7 999.0 99.0 99.00
2018 05 11 21 05 290  7.2 99.0 99.00 99.00 99.00 999 1009.4  11.7  10.4 999.0 99.0 99.00
2018 05 11 22 05 280  7.2 99.0 99.00 99.00 99.00 999 1008.9  11.8  10.9 999.0 99.0 99.00
2018 05 11 23 05 240  3.1 99.0 99.00 99.00 99.00 999 1008.7  12.0  10.7 999.0 99.0 99.00
2018 05 12 00 05 220  5.7 99.0 99.00 99.00 99.00 999 1008.2  12.6  10.8 999.0 99.0 99.00
2018 05 12 01 05 280  4.1 99.0 99.00 99.00 99.00 999 1007.9  13.1  10.9 999.0 99.0 99.00
2018 05 12 02 05 310  3.1 99.0 99.00 99.00 99.00 999 1007.8  13.2  10.8 999.0 99.0 99.00
2018 05 12 03 05 320  6.7 99.0 99.00 99.00 99.00 999 1008.0  11.8  10.6 999.0 99.0 99.00
2018 05 12 04 05 310  4.6 99.0 99.00 99.00 99.00 999 1008.5  11.5  10.5 999.0 99.0 99.00
2018 05 12 05 05 290  2.6 99.0 99.00 99.00 99.00 999 1009.2  11.5  10.4 999.0 99.0 99.00
2018 05 12 06 05 220  3.6 99.0 99.00 99.00 99.00 999 1009.4  11.1  10.3 999.0 99.0 99.00
2018 05 12 07 05 200  5.1 99.0 99.00 99.00 99.00 999 1009.5  11.3  10.3 999.0 99.0 99.00
2018 05 12 08 05 190  7.2 99.0 99.00 99.00 99.00 999 1009.4  11.1  10.2 999.0 99.0 99.00
2018 05 12 09 05 200  9.3 99.0 99.00 99.00 99.00 999 1009.5  11.1  10.2 999.0 99.0 99.00
2018 05 12 10 05 200  7.7 99.0 99.00 99.00 99.00 999 1009.7  11.2  10.1 999.0 99.0 99.00
2018 05 12 11 05 190  6.2 99.0 99.00 99.00 99.00 999 1010.4  11.3  10.1 999.0 99.0 99.00
2018 05 12 12 05 190  6.7 99.0 99.00 99.00 99.00 999 1011.0  11.2  10.2 999.0 99.0 99.00
2018 05 12 13 05 190  6.7 99.0 99.00 99.00 99.00 999 1011.2  11.2  10.2 999.0 99.0 99.00
2018 05 12 14 05 200  5.7 99.0 99.00 99.00 99.00 999 1012.3  11.3  10.2 999.0 99.0 99.00
2018 05 12 15 05 140  4.1 99.0 99.00 99.00 99.00 999 1012.7  11.2  10.3 999.0 99.0 99.00
2018 05 12 16 05 170  2.6 99.0 99.00 99.00 99.00 999 1013.3  10.9  10.3 999.0 99.0 99.00
2018 05 12 18 05 190  5.7 99.0 99.00 99.00 99.00 999 1013.8  11.7  10.9 999.0 99.0 99.00
2018 05 12 19 05 200  5.7 99.0 99.00 99.00 99.00 999 1014.1  11.8  11.0 999.0 99.0 99.00
2018 05 12 20 05 220  6.7 99.0 99.00 99.00 99.00 999 1013.8  11.9  11.2 999.0 99.0 99.00
2018 05 12 21 05 240  4.6 99.0 99.00 99.00 99.00 999 1014.1  12.4  11.2 999.0 99.0 99.00
2018 05 12 22 05 260  5.1 99.0 99.00 99.00 99.00 999 1014.1  12.8  11.4 999.0 99.0 99.00
2018 05 12 23 05 260  5.1 99.0 99.00 99.00 99.00 999 1013.5  12.9  11.4 999.0 99.0 99.00
2018 05 13 00 05 260  4.1 99.0 99.00 99.00 99.00 999 1013.6  13.0  11.4 999.0 99.0 99.00
2018 05 13 01 05 270  5.1 99.0 99.00 99.00 99.00 999 1013.6  12.8  11.5 999.0 99.0 99.00
2018 05 13 03 05 300  1.0 99.0 99.00 99.00 99.00 999 1014.2  12.5  11.2 999.0 99.0 99.00
2018 05 13 04 05 260  1.5 99.0 99.00 99.00 99.00 999 1014.5  12.5  11.1 999.0 99.0 99.00
2018 05 13 05 05 240  3.1 99.0 99.00 99.00 99.00 999 1014.9  12.4  11.1 999.0 99.0 99.00
2018 05 13 06 05 200  3.1 99.0 99.00 99.00 99.00 999 1015.3  12.3  10.9 999.0 99.0 99.00
2018 05 13 07 05 200  4.6 99.0 99.00 99.00 99.00 999 1015.3  12.4  10.8 999.0 99.0 99.00
2018 05 13 08 05 210  5.1 99.0 99.00 99.00 99.00 999 1015.2  12.3  10.8 999.0 99.0 99.00
2018 05 13 09 05 220  5.1 99.0 99.00 99.00 99.00 999 1015.2  12.2  10.7 999.0 99.0 99.00
2018 05 13 10 05 210  4.6 99.0 99.00 99.00 99.00 999 1015.1  12.4  10.9 999.0 99.0 99.00
2018 05 13 11 05 180  3.6 99.0 99.00 99.00 99.00 999 1015.2  12.3  10.9 999.0 99.0 99.00
2018 05 13 12 05 170  3.6 99.0 99.00 99.00 99.00 999 1015.2  11.8  10.8 999.0 99.0 99.00
2018 05 13 13 05 170  4.6 99.0 99.00 99.00 99.00 999 1015.4  12.2  10.8 999.0 99.0 99.00
2018 05 13 14 05 170  4.1 99.0 99.00 99.00 99.00 999 1016.2  12.1  10.9 999.0 99.0 99.00
2018 05 13 15 05 180  2.6 99.0 99.00 99.00 99.00 999 1016.7  12.3  11.1 999.0 99.0 99.00
2018 05 13 16 05 180  1.5 99.0 99.00 99.00 99.00 999 1017.1  12.2  11.2 999.0 99.0 99.00
2018 05 13 17 05 160  2.6 99.0 99.00 99.00 99.00 999 1017.2  12.8  11.3 999.0 99.0 99.00
2018 05 13 18 05 190  1.0 99.0 99.00 99.00 99.00 999 1017.5  12.9  11.3 999.0 99.0 99.00
2018 05 13 19 05 230  1.5 99.0 99.00 99.00 99.00 999 1017.8  12.9  11.4 999.0 99.0 99.00
2018 05 13 20 05 270  2.6 99.0 99.00 99.00 99.00 999 1017.7  12.7  11.4 999.0 99.0 99.00
2018 05 13 21 05 260  3.6 99.0 99.00 99.00 99.00 999 1017.6  12.8  11.8 999.0 99.0 99.00
2018 05 13 22 05 240  5.1 99.0 99.00 99.00 99.00 999 1017.3  12.9  11.8 999.0 99.0 99.00
2018 05 13 23 05 260  4.1 99.0 99.00 99.00 99.00 999 1017.0  12.9  11.8 999.0 99.0 99.00
2018 05 14 00 05 270  3.6 99.0 99.00 99.00 99.00 999 1016.8  12.8  11.7 999.0 99.0 99.00
2018 05 14 01 25 290  2.6 99.0 99.00 99.00 99.00 999 1016.4  12.7  11.5 999.0 99.0 99.00
2018 05 14 02 25 310  2.6 99.0 99.00 99.00 99.00 999 1016.0  12.4  11.0 999.0 99.0 99.00
2018 05 14 03 25 320  2.1 99.0 99.00 99.00 99.00 999 1016.0  12.3  11.1 999.0 99.0 99.00
2018 05 14 04 25 310  1.0 99.0 99.00 99.00 99.00 999 1016.3  12.0  10.8 999.0 99.0 99.00
2018 05 14 05 25 290  0.5 99.0 99.00 99.00 99.00 999 1016.5  11.7  10.9 999.0 99.0 99.00
2018 05 14 06 25   0  0.0 99.0 99.00 99.00 99.00 999 1016.5  11.7  10.9 999.0 99.0 99.00
2018 05 14 07 25 160  1.5 99.0 99.00 99.00 99.00 999 1016.3  11.7  11.1 999.0 99.0 99.00
2018 05 14 08 25 210  1.0 99.0 99.00 99.00 99.00 999 1016.0  11.8  11.4 999.0 99.0 99.00
2018 05 14 09 25 220  2.1 99.0 99.00 99.00 99.00 999 1015.7  11.9  11.7 999.0 99.0 99.00
2018 05 14 10 25 280  2.6 99.0 99.00 99.00 99.00 999 1015.8  12.0  11.7 999.0 99.0 99.00
2018 05 14 11 25 290  2.1 99.0 99.00 99.00 99.00 999 1015.9  11.9  11.5 999.0 99.0 99.00
2018 05 14 12 25 310  1.5 99.0 99.00 99.00 99.00 999 1015.7  11.9  11.6 999.0 99.0 99.00
2018 05 14 13 25 300  1.5 99.0 99.00 99.00 99.00 999 1015.8  11.9  11.5 999.0 99.0 99.00
2018 05 14 14 25 270  1.5 99.0 99.00 99.00 99.00 999 1016.2  12.0  11.5 999.0 99.0 99.00
2018 05 14 15 25 280  2.1 99.0 99.00 99.00 99.00 999 1016.3  11.9  11.4 999.0 99.0 99.00
2018 05 14 16 25 280  1.5 99.0 99.00 99.00 99.00 999 1016.5  12.1  11.5 999.0 99.0 99.00
2018 05 14 17 25 320  2.1 99.0 99.00 99.00 99.00 999 1016.7  12.2  11.6 999.0 99.0 99.00
2018 05 14 18 25 310  1.5 99.0 99.00 99.00 99.00 999 1016.9  12.7  11.6 999.0 99.0 99.00
2018 05 14 19 25 300  2.1 99.0 99.00 99.00 99.00 999 1017.2  13.0  11.8 999.0 99.0 99.00
2018 05 14 20 25 280  2.6 99.0 99.00 99.00 99.00 999 1016.9  12.7  12.3 999.0 99.0 99.00
2018 05 14 21 25 280  2.6 99.0 99.00 99.00 99.00 999 1016.6  13.1  12.8 999.0 99.0 99.00
2018 05 14 22 25 240  4.1 99.0 99.00 99.00 99.00 999 1016.4  13.0  13.0 999.0 99.0 99.00
2018 05 14 23 25 240  4.6 99.0 99.00 99.00 99.00 999 1015.8  13.2  13.0 999.0 99.0 99.00
2018 05 15 00 25 260  3.1 99.0 99.00 99.00 99.00 999 1015.5  13.0  12.9 999.0 99.0 99.00
2018 05 15 01 15 240  3.1 99.0 99.00 99.00 99.00 999 1015.3  13.0  12.4 999.0 99.0 99.00
2018 05 15 02 05 250  3.6 99.0 99.00 99.00 99.00 999 1015.2  13.1  12.4 999.0 99.0 99.00
2018 05 15 03 05 260  3.6 99.0 99.00 99.00 99.00 999 1015.2  12.9  12.4 999.0 99.0 99.00
2018 05 15 04 05 260  4.1 99.0 99.00 99.00 99.00 999 1015.7  12.9  12.6 999.0 99.0 99.00
2018 05 15 05 05 270  3.6 99.0 99.00 99.00 99.00 999 1016.2  12.8  12.7 999.0 99.0 99.00
2018 05 15 06 05 260  3.1 99.0 99.00 99.00 99.00 999 1016.3  12.8  12.7 999.0 99.0 99.00
2018 05 15 07 05 280  2.6 99.0 99.00 99.00 99.00 999 1016.6  12.9  12.8 999.0 99.0 99.00
2018 05 15 08 05 260  2.6 99.0 99.00 99.00 99.00 999 1016.6  12.8  12.8 999.0 99.0 99.00
2018 05 15 09 05 240  2.6 99.0 99.00 99.00 99.00 999 1016.4  12.6  12.9 999.0 99.0 99.00
2018 05 15 10 05 270  2.6 99.0 99.00 99.00 99.00 999 1016.2  12.6  12.8 999.0 99.0 99.00
2018 05 15 11 05 310  1.5 99.0 99.00 99.00 99.00 999 1016.2  12.4  12.6 999.0 99.0 99.00
2018 05 15 12 05 260  1.0 99.0 99.00 99.00 99.00 999 1016.3  12.6  12.6 999.0 99.0 99.00
2018 05 15 13 05 250  2.6 99.0 99.00 99.00 99.00 999 1016.5  12.5  12.6 999.0 99.0 99.00
2018 05 15 14 05 320  1.5 99.0 99.00 99.00 99.00 999 1017.1  12.7  12.7 999.0 99.0 99.00
2018 05 15 15 05 330  1.0 99.0 99.00 99.00 99.00 999 1017.3  12.7  12.8 999.0 99.0 99.00
2018 05 15 16 05 100  1.0 99.0 99.00 99.00 99.00 999 1017.8  12.8  12.9 999.0 99.0 99.00
2018 05 15 17 05   0  0.0 99.0 99.00 99.00 99.00 999 1018.2  13.3  13.0 999.0 99.0 99.00
2018 05 15 18 05 130  1.5 99.0 99.00 99.00 99.00 999 1018.5  13.6  13.3 999.0 99.0 99.00
2018 05 15 19 05 170  1.5 99.0 99.00 99.00 99.00 999 1018.7  13.9  13.1 999.0 99.0 99.00
2018 05 15 20 05 220  2.6 99.0 99.00 99.00 99.00 999 1018.3  13.7  13.2 999.0 99.0 99.00
2018 05 15 21 05 230  2.6 99.0 99.00 99.00 99.00 999 1018.1  13.7  14.8 999.0 99.0 99.00
2018 05 15 22 05 220  5.1 99.0 99.00 99.00 99.00 999 1017.8  13.8  13.7 999.0 99.0 99.00
2018 05 15 23 05 240  6.2 99.0 99.00 99.00 99.00 999 1017.5  13.8  13.6 999.0 99.0 99.00
2018 05 16 00 05 230  5.1 99.0 99.00 99.00 99.00 999 1017.5  13.8  13.4 999.0 99.0 99.00
2018 05 16 01 25 240  4.6 99.0 99.00 99.00 99.00 999 1017.5  13.9  13.8 999.0 99.0 99.00
2018 05 16 02 25 250  2.6 99.0 99.00 99.00 99.00 999 1017.4  13.7  13.7 999.0 99.0 99.00
2018 05 16 03 25 250  3.1 99.0 99.00 99.00 99.00 999 1017.7  13.5  13.6 999.0 99.0 99.00
2018 05 16 04 25 270  1.5 99.0 99.00 99.00 99.00 999 1018.1  13.4  13.7 999.0 99.0 99.00
2018 05 16 05 25 260  1.5 99.0 99.00 99.00 99.00 999 1018.4  13.3  13.5 999.0 99.0 99.00
2018 05 16 06 25 270  1.5 99.0 99.00 99.00 99.00 999 1018.3  13.0  13.5 999.0 99.0 99.00
2018 05 16 07 25 290  1.0 99.0 99.00 99.00 99.00 999 1018.1  12.9  13.5 999.0 99.0 99.00
2018 05 16 08 25 260  2.1 99.0 99.00 99.00 99.00 999 1018.1  12.9  13.4 999.0 99.0 99.00
2018 05 16 09 25 290  2.6 99.0 99.00 99.00 99.00 999 1017.8  13.1  13.3 999.0 99.0 99.00
2018 05 16 10 25 280  1.5 99.0 99.00 99.00 99.00 999 1017.7  12.8  13.1 999.0 99.0 99.00
2018 05 16 11 25   0  0.0 99.0 99.00 99.00 99.00 999 1017.8  12.8  13.1 999.0 99.0 99.00
2018 05 16 12 25 360  1.0 99.0 99.00 99.00 99.00 999 1017.9  12.4  13.2 999.0 99.0 99.00
2018 05 16 13 05  30  1.5 99.0 99.00 99.00 99.00 999 1018.0  12.2  13.1 999.0 99.0 99.00
2018 05 16 14 05  30  2.1 99.0 99.00 99.00 99.00 999 1018.5  12.4  13.0 999.0 99.0 99.00
2018 05 16 15 05  10  3.1 99.0 99.00 99.00 99.00 999 1018.9  12.2  12.7 999.0 99.0 99.00
2018 05 16 16 05  40  1.5 99.0 99.00 99.00 99.00 999 1019.2  12.7  12.9 999.0 99.0 99.00
2018 05 16 17 05   0  0.0 99.0 99.00 99.00 99.00 999 1019.4  13.4  13.2 999.0 99.0 99.00
2018 05 16 18 05   0  0.0 99.0 99.00 99.00 99.00 999 1019.7  14.1  13.4 999.0 99.0 99.00
2018 05 16 19 05 230  2.6 99.0 99.00 99.00 99.00 999 1019.9  13.9  13.4 999.0 99.0 99.00
2018 05 16 20 05 250  3.6 99.0 99.00 99.00 99.00 999 1019.8  14.1  14.2 999.0 99.0 99.00
2018 05 16 21 05 250  4.1 99.0 99.00 99.00 99.00 999 1019.6  14.2  14.2 999.0 99.0 99.00
2018 05 16 22 05 250  5.1 99.0 99.00 99.00 99.00 999 1019.4  14.3  13.8 999.0 99.0 99.00
2018 05 16 23 05 260  5.7 99.0 99.00 99.00 99.00 999 1019.1  14.2  13.8 999.0 99.0 99.00
2018 05 17 00 05 270  6.2 99.0 99.00 99.00 99.00 999 1018.7  14.3  14.1 999.0 99.0 99.00
2018 05 17 01 05 290  6.2 99.0 99.00 99.00 99.00 999 1018.2  14.1  13.6 999.0 99.0 99.00
2018 05 17 02 05 280  7.7 99.0 99.00 99.00 99.00 999 1018.0  14.0  13.8 999.0 99.0 99.00
2018 05 17 03 05 300  7.7 99.0 99.00 99.00 99.00 999 1017.9  13.6  13.1 999.0 99.0 99.00
2018 05 17 04 05 300  7.7 99.0 99.00 99.00 99.00 999 1018.2  13.6  13.1 999.0 99.0 99.00
2018 05 17 05 05 310  7.2 99.0 99.00 99.00 99.00 999 1018.4  13.5  13.0 999.0 99.0 99.00
2018 05 17 06 05 310  5.7 99.0 99.00 99.00 99.00 999 1018.2  13.1  12.9 999.0 99.0 99.00
2018 05 17 07 05 310  4.6 99.0 99.00 99.00 99.00 999 1017.8  12.8  13.1 999.0 99.0 99.00
2018 05 17 08 05 330  4.6 99.0 99.00 99.00 99.00 999 1017.9  12.8  13.1 999.0 99.0 99.00
2018 05 17 09 05 320  5.1 99.0 99.00 99.00 99.00 999 1017.4  12.7  12.9 999.0 99.0 99.00
2018 05 17 10 05 330  3.6 99.0 99.00 99.00 99.00 999 1017.3  12.5  12.9 999.0 99.0 99.00
2018 05 17 11 05 320  4.1 99.0 99.00 99.00 99.00 999 1017.3  12.5  12.8 999.0 99.0 99.00
2018 05 17 12 05 320  4.1 99.0 99.00 99.00 99.00 999 1017.3  12.8  12.8 999.0 99.0 99.00
2018 05 17 13 05 360  3.6 99.0 99.00 99.00 99.00 999 1017.2  12.0  12.7 999.0 99.0 99.00
2018 05 17 14 05 350  1.5 99.0 99.00 99.00 99.00 999 1017.8  12.1  12.6 999.0 99.0 99.00
2018 05 17 15 05  30  1.5 99.0 99.00 99.00 99.00 999 1018.0  12.6  12.4 999.0 99.0 99.00
2018 05 17 16 05 100  1.0 99.0 99.00 99.00 99.00 999 1017.9  12.3  12.5 999.0 99.0 99.00
2018 05 17 17 05 320  4.6 99.0 99.00 99.00 99.00 999 1017.7  12.8  12.7 999.0 99.0 99.00
2018 05 17 18 05 300  6.2 99.0 99.00 99.00 99.00 999 1017.4  12.9  12.8 999.0 99.0 99.00
2018 05 17 19 05 300  8.2 99.0 99.00 99.00 99.00 999 1017.2  13.0  12.8 999.0 99.0 99.00
2018 05 17 20 05 280  8.8 99.0 99.00 99.00 99.00 999 1017.0  13.2  12.8 999.0 99.0 99.00
2018 05 17 21 05 290  9.3 99.0 99.00 99.00 99.00 999 1016.6  13.3  12.9 999.0 99.0 99.00
2018 05 17 22 05 280  7.7 99.0 99.00 99.00 99.00 999 1016.6  13.2  13.0 999.0 99.0 99.00
2018 05 17 23 05 290  8.8 99.0 99.00 99.00 99.00 999 1016.2  13.2  13.0 999.0 99.0 99.00
2018 05 18 00 05 290 10.3 99.0 99.00 99.00 99.00 999 1015.8  13.2  12.8 999.0 99.0 99.00
2018 05 18 01 05 290  9.3 99.0 99.00 99.00 99.00 999 1015.6  13.0  12.5 999.0 99.0 99.00
2018 05 18 02 05 290 11.3 99.0 99.00 99.00 99.00 999 1015.4  12.9  12.3 999.0 99.0 99.00
2018 05 18 03 05 310 11.3 99.0 99.00 99.00 99.00 999 1015.8  12.8  12.2 999.0 99.0 99.00
2018 05 18 04 05 320 10.8 99.0 99.00 99.00 99.00 999 1016.2  12.7  12.1 999.0 99.0 99.00
2018 05 18 05 05 310  8.8 99.0 99.00 99.00 99.00 999 1016.7  12.5  11.9 999.0 99.0 99.00
2018 05 18 06 05 320  8.2 99.0 99.00 99.00 99.00 999 1016.7  12.4  11.8 999.0 99.0 99.00
2018 05 18 07 05 320  6.7 99.0 99.00 99.00 99.00 999 1016.4  12.2  11.7 999.0 99.0 99.00
2018 05 18 08 05 320  7.2 99.0 99.00 99.00 99.00 999 1016.2  12.1  11.7 999.0 99.0 99.00
2018 05 18 09 05 310  5.7 99.0 99.00 99.00 99.00 999 1015.9  12.2  11.7 999.0 99.0 99.00
2018 05 18 10 05 310  6.7 99.0 99.00 99.00 99.00 999 1015.6  12.0  11.6 999.0 99.0 99.00
2018 05 18 11 05 300  6.2 99.0 99.00 99.00 99.00 999 1015.8  11.8  11.6 999.0 99.0 99.00
2018 05 18 12 05 300  6.2 99.0 99.00 99.00 99.00 999 1015.8  11.8  11.9 999.0 99.0 99.00
2018 05 18 13 25 320  4.6 99.0 99.00 99.00 99.00 999 1016.0  11.9  11.9 999.0 99.0 99.00
2018 05 18 14 25 330  4.6 99.0 99.00 99.00 99.00 999 1016.4  11.6  11.9 999.0 99.0 99.00
2018 05 18 15 25 310  5.1 99.0 99.00 99.00 99.00 999 1016.9  11.6  11.9 999.0 99.0 99.00
2018 05 18 16 25 280  5.7 99.0 99.00 99.00 99.00 999 1017.4  11.6  11.9 999.0 99.0 99.00
2018 05 18 17 25 290  4.6 99.0 99.00 99.00 99.00 999 1017.4  11.8  11.9 999.0 99.0 99.00
2018 05 18 18 25 300  5.7 99.0 99.00 99.00 99.00 999 1017.5  12.0  11.9 999.0 99.0 99.00
2018 05 18 19 25 300  4.6 99.0 99.00 99.00 99.00 999 1017.3  12.2  12.0 999.0 99.0 99.00
2018 05 18 20 25 290  6.2 99.0 99.00 99.00 99.00 999 1016.9  12.3  12.0 999.0 99.0 99.00
2018 05 18 21 25 290  6.2 99.0 99.00 99.00 99.00 999 1016.6  12.5  12.0 999.0 99.0 99.00
2018 05 18 22 25 290  6.7 99.0 99.00 99.00 99.00 999 1016.0  12.3  12.0 999.0 99.0 99.00
2018 05 18 23 25 290  8.2 99.0 99.00 99.00 99.00 999 1015.5  12.4  12.0 999.0 99.0 99.00
2018 05 19 00 25 290  8.2 99.0 99.00 99.00 99.00 999 1015.3  12.4  11.9 999.0 99.0 99.00
2018 05 19 01 05 280  7.2 99.0 99.00 99.00 99.00 999 1015.0  12.3  11.9 999.0 99.0 99.00
2018 05 19 02 05 290  7.7 99.0 99.00 99.00 99.00 999 1014.8  12.2  11.8 999.0 99.0 99.00
2018 05 19 03 05 310  9.8 99.0 99.00 99.00 99.00 999 1014.6  12.2  11.8 999.0 99.0 99.00
2018 05 19 04 05 310  8.8 99.0 99.00 99.00 99.00 999 1014.9  12.0  11.7 999.0 99.0 99.00
2018 05 19 05 05 320  7.7 99.0 99.00 99.00 99.00 999 1015.0  11.9  11.7 999.0 99.0 99.00
2018 05 19 06 05 320  6.7 99.0 99.00 99.00 99.00 999 1015.1  11.9  11.6 999.0 99.0 99.00
2018 05 19 07 05 320  7.2 99.0 99.00 99.00 99.00 999 1015.4  11.9  11.7 999.0 99.0 99.00
2018 05 19 08 05 310  6.2 99.0 99.00 99.00 99.00 999 1015.3  11.9  11.7 999.0 99.0 99.00
2018 05 19 09 05 310  7.7 99.0 99.00 99.00 99.00 999 1015.0  11.9  11.7 999.0 99.0 99.00
2018 05 19 10 05 300  6.7 99.0 99.00 99.00 99.00 999 1014.7  11.8  11.7 999.0 99.0 99.00
2018 05 19 11 05 300  7.7 99.0 99.00 99.00 99.00 999 1014.5  11.7  11.7 999.0 99.0 99.00
2018 05 19 12 05 300  7.2 99.0 99.00 99.00 99.00 999 1014.7  11.8  11.7 999.0 99.0 99.00
2018 05 19 13 05 300  8.2 99.0 99.00 99.00 99.00 999 1014.8  11.7  11.7 999.0 99.0 99.00
2018 05 19 14 05 300  7.7 99.0 99.00 99.00 99.00 999 1015.2  11.6  11.7 999.0 99.0 99.00
2018 05 19 15 05 300  6.7 99.0 99.00 99.00 99.00 999 1015.6  11.8  11.7 999.0 99.0 99.00
2018 05 19 16 05 310  5.1 99.0 99.00 99.00 99.00 999 1016.1  11.8  11.7 999.0 99.0 99.00
2018 05 19 17 05 310  5.7 99.0 99.00 99.00 99.00 999 1016.4  12.0  11.6 999.0 99.0 99.00
2018 05 19 18 05 300  6.2 99.0 99.00 99.00 99.00 999 1016.7  12.0  11.7 999.0 99.0 99.00
2018 05 19 19 05 290  5.7 99.0 99.00 99.00 99.00 999 1016.7  12.1  11.8 999.0 99.0 99.00
2018 05 19 20 05 290  6.7 99.0 99.00 99.00 99.00 999 1016.4  12.1  11.8 999.0 99.0 99.00
2018 05 19 21 05 290  7.2 99.0 99.00 99.00 99.00 999 1016.0  12.1  11.8 999.0 99.0 99.00
2018 05 19 22 05 280  8.2 99.0 99.00 99.00 99.00 999 1015.5  12.2  11.8 999.0 99.0 99.00
2018 05 19 23 05 290  9.3 99.0 99.00 99.00 99.00 999 1015.0  12.3  11.8 999.0 99.0 99.00
2018 05 20 00 05 290  8.8 99.0 99.00 99.00 99.00 999 1014.6  12.4  11.8 999.0 99.0 99.00
2018 05 20 01 05 290 11.3 99.0 99.00 99.00 99.00 999 1014.1  12.3  11.7 999.0 99.0 99.00
2018 05 20 02 05 290 11.8 99.0 99.00 99.00 99.00 999 1013.7  12.3  11.7 999.0 99.0 99.00
2018 05 20 03 05 300  9.8 99.0 99.00 99.00 99.00 999 1014.0  12.2  11.6 999.0 99.0 99.00
2018 05 20 04 05 300  8.8 99.0 99.00 99.00 99.00 999 1014.8  12.1  11.5 999.0 99.0 99.00
2018 05 20 05 05 320  8.2 99.0 99.00 99.00 99.00 999 1015.0  12.0  11.5 999.0 99.0 99.00
2018 05 20 06 05 310  7.7 99.0 99.00 99.00 99.00 999 1015.4  12.0  11.4 999.0 99.0 99.00
2018 05 20 07 05 300  8.2 99.0 99.00 99.00 99.00 999 1015.4  11.8  11.4 999.0 99.0 99.00
2018 05 20 08 05 300  6.7 99.0 99.00 99.00 99.00 999 1015.4  11.8  11.4 999.0 99.0 99.00
2018 05 20 09 05 300  6.2 99.0 99.00 99.00 99.00 999 1015.4  11.7  11.4 999.0 99.0 99.00
2018 05 20 10 05 310  4.6 99.0 99.00 99.00 99.00 999 1015.2  11.7  11.4 999.0 99.0 99.00
2018 05 20 11 05 300  6.7 99.0 99.00 99.00 99.00 999 1015.2  11.7  11.5 999.0 99.0 99.00
2018 05 20 12 05 310  4.6 99.0 99.00 99.00 99.00 999 1015.3  11.6  11.5 999.0 99.0 99.00
2018 05 20 13 05 300  6.2 99.0 99.00 99.00 99.00 999 1015.5  11.7  11.5 999.0 99.0 99.00
2018 05 20 14 05 320  6.7 99.0 99.00 99.00 99.00 999 1015.9  11.7  11.5 999.0 99.0 99.00
2018 05 20 15 05 320  5.1 99.0 99.00 99.00 99.00 999 1016.3  11.7  11.4 999.0 99.0 99.00
2018 05 20 16 05 300  4.1 99.0 99.00 99.00 99.00 999 1016.8  11.6  11.4 999.0 99.0 99.00
2018 05 20 17 05 300  4.6 99.0 99.00 99.00 99.00 999 1017.0  11.7  11.4 999.0 99.0 99.00
2018 05 20 18 05 280  5.7 99.0 99.00 99.00 99.00 999 1017.0  11.8  11.4 999.0 99.0 99.00
2018 05 20 19 05 290  7.7 99.0 99.00 99.00 99.00 999 1016.9  12.0  11.4 999.0 99.0 99.00
2018 05 20 20 05 280  7.7 99.0 99.00 99.00 99.00 999 1016.3  12.0  11.4 999.0 99.0 99.00
2018 05 20 21 05 290  7.7 99.0 99.00 99.00 99.00 999 1016.0  12.2  11.4 999.0 99.0 99.00
2018 05 20 22 05 280  8.2 99.0 99.00 99.00 99.00 999 1015.7  12.4  11.3 999.0 99.0 99.00
2018 05 20 23 05 290  7.7 99.0 99.00 99.00 99.00 999 1015.3  12.0  10.9 999.0 99.0 99.00
2018 05 21 00 05 290  7.7 99.0 99.00 99.00 99.00 999 1014.9  12.0  10.8 999.0 99.0 99.00
2018 05 21 01 05 290  6.7 99.0 99.00 99.00 99.00 999 1014.7  12.0  10.8 999.0 99.0 99.00
2018 05 21 02 05 290  7.7 99.0 99.00 99.00 99.00 999 1013.9  12.0  10.7 999.0 99.0 99.00
2018 05 21 03 05 290  5.7 99.0 99.00 99.00 99.00 999 1014.2  11.8  11.0 999.0 99.0 99.00
2018 05 21 04 05 290  5.1 99.0 99.00 99.00 99.00 999 1014.2  11.8  11.1 999.0 99.0 99.00
2018 05 21 05 05 300  5.1 99.0 99.00 99.00 99.00 999 1014.3  11.8  11.1 999.0 99.0 99.00
2018 05 21 06 05 310  6.2 99.0 99.00 99.00 99.00 999 1014.3  11.8  11.2 999.0 99.0 99.00
2018 05 21 07 05 290  5.7 99.0 99.00 99.00 99.00 999 1013.9  11.6  11.2 999.0 99.0 99.00
2018 05 21 08 05 290  5.7 99.0 99.00 99.00 99.00 999 1013.4  11.7  11.1 999.0 99.0 99.00
2018 05 21 09 05 280  6.2 99.0 99.00 99.00 99.00 999 1012.9  11.7  11.1 999.0 99.0 99.00
2018 05 21 10 05 280  5.7 99.0 99.00 99.00 99.00 999 1012.4  11.7  11.3 999.0 99.0 99.00
2018 05 21 11 05 280  5.1 99.0 99.00 99.00 99.00 999 1012.0  11.7  11.3 999.0 99.0 99.00
2018 05 21 12 05 280  6.7 99.0 99.00 99.00 99.00 999 1011.6  11.6  11.3 999.0 99.0 99.00
2018 05 21 13 05 290  5.1 99.0 99.00 99.00 99.00 999 1011.6  11.4  11.3 999.0 99.0 99.00
2018 05 21 14 05 290  3.6 99.0 99.00 99.00 99.00 999 1011.8  11.1  11.2 999.0 99.0 99.00
2018 05 21 15 05 260  4.1 99.0 99.00 99.00 99.00 999 1012.1  11.2  11.2 999.0 99.0 99.00
2018 05 21 16 05 300  3.6 99.0 99.00 99.00 99.00 999 1012.5  11.3  11.2 999.0 99.0 99.00
2018 05 21 17 05 290  3.6 99.0 99.00 99.00 99.00 999 1013.1  11.3  11.2 999.0 99.0 99.00
2018 05 21 18 05 310  3.6 99.0 99.00 99.00 99.00 999 1013.7  11.5  11.3 999.0 99.0 99.00
2018 05 21 19 05 290  4.1 99.0 99.00 99.00 99.00 999 1013.9  11.6  11.4 999.0 99.0 99.00
2018 05 21 20 05 300  5.1 99.0 99.00 99.00 99.00 999 1013.5  11.7  11.5 999.0 99.0 99.00
2018 05 21 21 05 300  5.7 99.0 99.00 99.00 99.00 999 1013.2  11.7  11.5 999.0 99.0 99.00
2018 05 21 22 05 290  7.2 99.0 99.00 99.00 99.00 999 1013.0  11.9  11.2 999.0 99.0 99.00
2018 05 21 23 05 290  8.2 99.0 99.00 99.00 99.00 999 1012.4  11.8  10.9 999.0 99.0 99.00
2018 05 22 00 05 290  7.2 99.0 99.00 99.00 99.00 999 1012.3  11.9  10.8 999.0 99.0 99.00
2018 05 22 01 05 290  8.2 99.0 99.00 99.00 99.00 999 1011.8  11.9  10.8 999.0 99.0 99.00
2018 05 22 02 05 290  6.7 99.0 99.00 99.00 99.00 999 1012.1  11.8  10.8 999.0 99.0 99.00
2018 05 22 03 05 290  6.7 99.0 99.00 99.00 99.00 999 1011.6  11.7  10.8 999.0 99.0 99.00
2018 05 22 04 05 300  7.7 99.0 99.00 99.00 99.00 999 1011.7  11.6  10.8 999.0 99.0 99.00
2018 05 22 05 05 300  7.2 99.0 99.00 99.00 99.00 999 1012.1  11.4  10.8 999.0 99.0 99.00
2018 05 22 06 05 310  6.7 99.0 99.00 99.00 99.00 999 1012.6  11.5  10.7 999.0 99.0 99.00
2018 05 22 07 05 310  6.2 99.0 99.00 99.00 99.00 999 1012.5  11.3  10.7 999.0 99.0 99.00
2018 05 22 08 05 300  5.7 99.0 99.00 99.00 99.00 999 1012.2  11.3  10.7 999.0 99.0 99.00
2018 05 22 09 05 300  5.1 99.0 99.00 99.00 99.00 999 1012.0  11.2  10.7 999.0 99.0 99.00
2018 05 22 10 05 300  4.1 99.0 99.00 99.00 99.00 999 1012.0  11.1  10.7 999.0 99.0 99.00
2018 05 22 11 05 290  4.1 99.0 99.00 99.00 99.00 999 1011.9  11.1  10.7 999.0 99.0 99.00
2018 05 22 12 05 290  3.1 99.0 99.00 99.00 99.00 999 1012.0  11.0  10.7 999.0 99.0 99.00
2018 05 22 13 25 280  2.6 99.0 99.00 99.00 99.00 999 1012.3  11.1  10.6 999.0 99.0 99.00
2018 05 22 14 25 260  3.1 99.0 99.00 99.00 99.00 999 1013.1  11.1  10.6 999.0 99.0 99.00
2018 05 22 15 25 260  3.6 99.0 99.00 99.00 99.00 999 1014.1  11.2  10.6 999.0 99.0 99.00
2018 05 22 16 25 260  2.6 99.0 99.00 99.00 99.00 999 1014.5  11.3  10.7 999.0 99.0 99.00
2018 05 22 17 25 270  3.1 99.0 99.00 99.00 99.00 999 1015.0  11.3  10.8 999.0 99.0 99.00
2018 05 22 18 25 260  3.1 99.0 99.00 99.00 99.00 999 1015.2  11.4  10.9 999.0 99.0 99.00
2018 05 22 19 25 250  3.6 99.0 99.00 99.00 99.00 999 1015.2  11.6  11.1 999.0 99.0 99.00
2018 05 22 20 25 270  4.1 99.0 99.00 99.00 99.00 999 1015.0  11.8  11.2 999.0 99.0 99.00
2018 05 22 21 25 270  4.1 99.0 99.00 99.00 99.00 999 1014.7  12.0  11.2 999.0 99.0 99.00
2018 05 22 22 25 280  5.7 99.0 99.00 99.00 99.00 999 1014.2  12.0  11.3 999.0 99.0 99.00
2018 05 22 23 25 290  6.2 99.0 99.00 99.00 99.00 999 1013.7  12.0  11.4 999.0 99.0 99.00
2018 05 23 00 25 280  5.7 99.0 99.00 99.00 99.00 999 1013.5  12.0  11.4 999.0 99.0 99.00
2018 05 23 01 05 280  6.7 99.0 99.00 99.00 99.00 999 1013.5  12.0  11.5 999.0 99.0 99.00
2018 05 23 02 05 280  5.7 99.0 99.00 99.00 99.00 999 1013.1  12.0  11.5 999.0 99.0 99.00
2018 05 23 03 05 290  4.6 99.0 99.00 99.00 99.00 999 1013.0  11.9  11.5 999.0 99.0 99.00
2018 05 23 04 05 280  3.6 99.0 99.00 99.00 99.00 999 1013.1  11.9  11.5 999.0 99.0 99.00
2018 05 23 05 05 280  4.1 99.0 99.00 99.00 99.00 999 1013.3  11.9  11.5 999.0 99.0 99.00
2018 05 23 06 05 280  4.1 99.0 99.00 99.00 99.00 999 1013.3  11.9  11.4 999.0 99.0 99.00
2018 05 23 07 05 300  4.1 99.0 99.00 99.00 99.00 999 1013.2  11.7  11.4 999.0 99.0 99.00
2018 05 23 08 05 300  3.6 99.0 99.00 99.00 99.00 999 1013.1  11.8  11.4 999.0 99.0 99.00
2018 05 23 09 25 290  3.1 99.0 99.00 99.00 99.00 999 1012.8  11.7  11.4 999.0 99.0 99.00
2018 05 23 10 25 290  3.6 99.0 99.00 99.00 99.00 999 1012.7  11.6  11.4 999.0 99.0 99.00
2018 05 23 11 25 280  3.6 99.0 99.00 99.00 99.00 999 1012.8  11.5  11.4 999.0 99.0 99.00
2018 05 23 12 25 290  2.6 99.0 99.00 99.00 99.00 999 1013.4  11.5  11.4 999.0 99.0 99.00
2018 05 23 13 25 280  3.1 99.0 99.00 99.00 99.00 999 1013.7  11.3  11.3 999.0 99.0 99.00
2018 05 23 14 25 240  2.1 99.0 99.00 99.00 99.00 999 1014.5  11.4  11.3 999.0 99.0 99.00
2018 05 23 15 25 240  2.6 99.0 99.00 99.00 99.00 999 1015.2  11.7  11.3 999.0 99.0 99.00
2018 05 23 16 25 220  2.6 99.0 99.00 99.00 99.00 999 1015.8  11.7  11.4 999.0 99.0 99.00
2018 05 23 17 25 210  3.1 99.0 99.00 99.00 99.00 999 1016.2  11.7  11.5 999.0 99.0 99.00
2018 05 23 18 25 220  3.6 99.0 99.00 99.00 99.00 999 1016.0  11.9  11.6 999.0 99.0 99.00
2018 05 23 19 25 280  2.6 99.0 99.00 99.00 99.00 999 1017.0  11.7  11.9 999.0 99.0 99.00
2018 05 23 20 25 270  3.6 99.0 99.00 99.00 99.00 999 1017.0  12.1  12.1 999.0 99.0 99.00
2018 05 23 21 05 230  2.1 99.0 99.00 99.00 99.00 999 1016.9  11.9  12.2 999.0 99.0 99.00
2018 05 23 22 05 280  2.6 99.0 99.00 99.00 99.00 999 1015.7  13.2  12.6 999.0 99.0 99.00
2018 05 23 23 05 230  2.6 99.0 99.00 99.00 99.00 999 1015.5  13.0  12.5 999.0 99.0 99.00
2018 05 24 00 05 290  3.6 99.0 99.00 99.00 99.00 999 1015.4  13.1  12.6 999.0 99.0 99.00
2018 05 24 01 05 290  4.1 99.0 99.00 99.00 99.00 999 1015.1  12.8  12.3 999.0 99.0 99.00
2018 05 24 02 05 290  2.6 99.0 99.00 99.00 99.00 999 1015.2  12.9  12.1 999.0 99.0 99.00
2018 05 24 03 05 280  3.6 99.0 99.00 99.00 99.00 999 1015.6  12.8  12.1 999.0 99.0 99.00
2018 05 24 05 05 300  3.1 99.0 99.00 99.00 99.00 999 1016.6  12.5  11.9 999.0 99.0 99.00
2018 05 24 06 05 310  3.6 99.0 99.00 99.00 99.00 999 1017.0  12.7  12.5 999.0 99.0 99.00
2018 05 24 07 05 330  1.5 99.0 99.00 99.00 99.00 999 1016.7  12.8  12.3 999.0 99.0 99.00
2018 05 24 08 05 310  2.6 99.0 99.00 99.00 99.00 999 1016.6  12.5  12.1 999.0 99.0 99.00
2018 05 24 09 05 300  2.6 99.0 99.00 99.00 99.00 999 1016.3  12.5  12.0 999.0 99.0 99.00
2018 05 24 10 05 290  2.6 99.0 99.00 99.00 99.00 999 1016.3  12.4  12.1 999.0 99.0 99.00
2018 05 24 11 05 290  3.1 99.0 99.00 99.00 99.00 999 1016.3  12.4  12.1 999.0 99.0 99.00
2018 05 24 12 05 300  3.6 99.0 99.00 99.00 99.00 999 1016.5  12.2  12.1 999.0 99.0 99.00
2018 05 24 13 05 300  3.1 99.0 99.00 99.00 99.00 999 1016.7  12.1  12.1 999.0 99.0 99.00
2018 05 24 14 05 290  1.5 99.0 99.00 99.00 99.00 999 1017.2  12.2  12.0 999.0 99.0 99.00
2018 05 24 15 05 270  1.5 99.0 99.00 99.00 99.00 999 1017.8  12.3  12.0 999.0 99.0 99.00
2018 05 24 16 05 170  1.0 99.0 99.00 99.00 99.00 999 1018.2  12.3  12.1 999.0 99.0 99.00
2018 05 24 17 05 190  1.0 99.0 99.00 99.00 99.00 999 1018.5  12.4  12.1 999.0 99.0 99.00
2018 05 24 18 05 290  1.5 99.0 99.00 99.00 99.00 999 1018.9  12.7  12.4 999.0 99.0 99.00
2018 05 24 19 05 300  2.1 99.0 99.00 99.00 99.00 999 1019.2  12.2  12.6 999.0 99.0 99.00
2018 05 24 20 05 270  0.5 99.0 99.00 99.00 99.00 999 1019.2  13.1  12.7 999.0 99.0 99.00
2018 05 24 21 05   0  0.0 99.0 99.00 99.00 99.00 999 1018.9  13.5  12.7 999.0 99.0 99.00
2018 05 24 22 05 230  1.0 99.0 99.00 99.00 99.00 999 1018.9  13.6  12.8 999.0 99.0 99.00
2018 05 24 23 05 240  3.6 99.0 99.00 99.00 99.00 999 1018.8  13.4  13.3 999.0 99.0 99.00
2018 05 25 00 05 250  3.6 99.0 99.00 99.00 99.00 999 1018.2  13.2  12.9 999.0 99.0 99.00
2018 05 25 01 05 240  4.1 99.0 99.00 99.00 99.00 999 1018.1  13.4  13.1 999.0 99.0 99.00
2018 05 25 02 05 290  2.6 99.0 99.00 99.00 99.00 999 1018.3  13.0  12.6 999.0 99.0 99.00
2018 05 25 03 05 310  2.6 99.0 99.00 99.00 99.00 999 1018.1  12.9  12.4 999.0 99.0 99.00
2018 05 25 04 05 320  1.5 99.0 99.00 99.00 99.00 999 1018.5  12.8  12.5 999.0 99.0 99.00
2018 05 25 05 05 350  1.0 99.0 99.00 99.00 99.00 999 1018.8  12.8  12.4 999.0 99.0 99.00
2018 05 25 06 05  90  0.5 99.0 99.00 99.00 99.00 999 1018.5  12.7  12.4 999.0 99.0 99.00
2018 05 25 07 05 110  0.5 99.0 99.00 99.00 99.00 999 1018.6  12.7  12.3 999.0 99.0 99.00
2018 05 25 08 05 160  2.6 99.0 99.00 99.00 99.00 999 1018.4  12.6  12.2 999.0 99.0 99.00
2018 05 25 09 05 220  1.0 99.0 99.00 99.00 99.00 999 1018.4  12.3  12.1 999.0 99.0 99.00
2018 05 25 10 05 220  1.0 99.0 99.00 99.00 99.00 999 1018.4  12.3  12.0 999.0 99.0 99.00
2018 05 25 11 05 190  3.6 99.0 99.00 99.00 99.00 999 1018.6  12.3  12.0 999.0 99.0 99.00
2018 05 25 12 05 230  2.1 99.0 99.00 99.00 99.00 999 1018.4  12.1  11.8 999.0 99.0 99.00
2018 05 25 13 05 170  4.1 99.0 99.00 99.00 99.00 999 1018.3  12.5  11.8 999.0 99.0 99.00
2018 05 25 14 05 180  4.6 99.0 99.00 99.00 99.00 999 1018.9  12.4  11.8 999.0 99.0 99.00
2018 05 25 15 05 180  4.6 99.0 99.00 99.00 99.00 999 1019.3  12.5  11.8 999.0 99.0 99.00
2018 05 25 16 05 190  4.6 99.0 99.00 99.00 99.00 999 1020.3  12.4  11.9 999.0 99.0 99.00
2018 05 25 17 05 190  5.1 99.0 99.00 99.00 99.00 999 1020.8  12.3  11.9 999.0 99.0 99.00
2018 05 25 18 05 190  5.1 99.0 99.00 99.00 99.00 999 1020.3  12.6  12.0 999.0 99.0 99.00
2018 05 25 19 05 190  4.1 99.0 99.00 99.00 99.00 999 1020.7  12.9  12.0 999.0 99.0 99.00
2018 05 25 20 05 200  5.1 99.0 99.00 99.00 99.00 999 1021.0  13.0  12.3 999.0 99.0 99.00
2018 05 25 21 05 210  4.6 99.0 99.00 99.00 99.00 999 1021.0  13.1  12.8 999.0 99.0 99.00
2018 05 25 22 05 200  4.6 99.0 99.00 99.00 99.00 999 1020.9  13.4  13.0 999.0 99.0 99.00
2018 05 25 23 05 200  4.1 99.0 99.00 99.00 99.00 999 1020.7  13.4  12.9 999.0 99.0 99.00
2018 05 26 00 05 220  3.6 99.0 99.00 99.00 99.00 999 1020.3  13.5  13.1 999.0 99.0 99.00
2018 05 26 01 05 220  3.1 99.0 99.00 99.00 99.00 999 1019.8  13.5  13.5 999.0 99.0 99.00
2018 05 26 02 05 210  3.6 99.0 99.00 99.00 99.00 999 1019.7  13.3  13.1 999.0 99.0 99.00
2018 05 26 03 05 220  2.6 99.0 99.00 99.00 99.00 999 1019.6  13.3  12.9 999.0 99.0 99.00
2018 05 26 04 05 200  2.1 99.0 99.00 99.00 99.00 999 1019.5  13.1  12.9 999.0 99.0 99.00
2018 05 26 05 05 250  1.5 99.0 99.00 99.00 99.00 999 1019.7  13.2  13.0 999.0 99.0 99.00
2018 05 26 06 05 240  1.5 99.0 99.00 99.00 99.00 999 1019.8  13.2  13.0 999.0 99.0 99.00
2018 05 26 07 05 310  2.1 99.0 99.00 99.00 99.00 999 1019.3  13.0  13.0 999.0 99.0 99.00
2018 05 26 08 05 280  1.5 99.0 99.00 99.00 99.00 999 1019.7  13.1  13.1 999.0 99.0 99.00
2018 05 26 09 05 330  5.1 99.0 99.00 99.00 99.00 999 1019.4  13.0  12.8 999.0 99.0 99.00
2018 05 26 10 05 320  8.2 99.0 99.00 99.00 99.00 999 1019.0  12.3  12.7 999.0 99.0 99.00
2018 05 26 11 05 300  7.2 99.0 99.00 99.00 99.00 999 1018.9  12.7  12.6 999.0 99.0 99.00
2018 05 26 12 05 300  6.7 99.0 99.00 99.00 99.00 999 1018.6  12.6  12.5 999.0 99.0 99.00
2018 05 26 13 05 300  5.7 99.0 99.00 99.00 99.00 999 1018.5  12.4  12.5 999.0 99.0 99.00
2018 05 26 14 05 310  9.3 99.0 99.00 99.00 99.00 999 1018.7  12.2  12.5 999.0 99.0 99.00
2018 05 26 15 05 310  7.2 99.0 99.00 99.00 99.00 999 1019.2  12.5  12.4 999.0 99.0 99.00
2018 05 26 16 05 300  7.7 99.0 99.00 99.00 99.00 999 1019.4  12.5  12.4 999.0 99.0 99.00
2018 05 26 17 05 300  8.2 99.0 99.00 99.00 99.00 999 1019.5  12.5  12.4 999.0 99.0 99.00
2018 05 26 18 05 300  7.7 99.0 99.00 99.00 99.00 999 1019.4  12.5  12.2 999.0 99.0 99.00
2018 05 26 19 05 290  7.2 99.0 99.00 99.00 99.00 999 1019.3  12.5  12.2 999.0 99.0 99.00
2018 05 26 20 05 290  6.2 99.0 99.00 99.00 99.00 999 1019.2  12.6  12.5 999.0 99.0 99.00
2018 05 26 21 05 300  8.2 99.0 99.00 99.00 99.00 999 1018.8  12.7  12.8 999.0 99.0 99.00
2018 05 26 22 05 300  8.8 99.0 99.00 99.00 99.00 999 1018.8  12.9  12.8 999.0 99.0 99.00
2018 05 26 23 05 300  8.8 99.0 99.00 99.00 99.00 999 1018.1  12.8  12.7 999.0 99.0 99.00
2018 05 27 00 05 290  8.2 99.0 99.00 99.00 99.00 999 1018.0  12.8  12.7 999.0 99.0 99.00
2018 05 27 01 05 290  8.2 99.0 99.00 99.00 99.00 999 1017.5  12.8  12.7 999.0 99.0 99.00
2018 05 27 02 05 290  9.3 99.0 99.00 99.00 99.00 999 1017.0  12.8  12.7 999.0 99.0 99.00
2018 05 27 03 05 300  9.3 99.0 99.00 99.00 99.00 999 1016.8  12.8  12.6 999.0 99.0 99.00
2018 05 27 04 05 300  9.8 99.0 99.00 99.00 99.00 999 1016.6  12.6  12.6 999.0 99.0 99.00
2018 05 27 05 05 330  7.7 99.0 99.00 99.00 99.00 999 1017.5  12.7  12.5 999.0 99.0 99.00
2018 05 27 06 05 310  7.2 99.0 99.00 99.00 99.00 999 1017.4  12.5  12.5 999.0 99.0 99.00
2018 05 27 07 05 320  6.2 99.0 99.00 99.00 99.00 999 1016.9  12.4  12.5 999.0 99.0 99.00
2018 05 27 08 05 300  4.6 99.0 99.00 99.00 99.00 999 1016.8  12.5  12.5 999.0 99.0 99.00
2018 05 27 09 05 310  4.6 99.0 99.00 99.00 99.00 999 1016.7  12.2  12.5 999.0 99.0 99.00
2018 05 27 10 05 300  2.6 99.0 99.00 99.00 99.00 999 1016.5  12.1  12.5 999.0 99.0 99.00
2018 05 27 11 05  50  2.6 99.0 99.00 99.00 99.00 999 1016.4  12.1  12.6 999.0 99.0 99.00
2018 05 27 12 05  10  2.1 99.0 99.00 99.00 99.00 999 1016.2  11.8  12.5 999.0 99.0 99.00
2018 05 27 13 05  10  1.5 99.0 99.00 99.00 99.00 999 1016.1  11.6  12.5 999.0 99.0 99.00
2018 05 27 14 05  10  2.1 99.0 99.00 99.00 99.00 999 1016.4  11.2  12.4 999.0 99.0 99.00
2018 05 27 15 05 310  1.0 99.0 99.00 99.00 99.00 999 1016.7  11.2  12.4 999.0 99.0 99.00
2018 05 27 16 05 300  2.6 99.0 99.00 99.00 99.00 999 1016.7  11.4  12.4 999.0 99.0 99.00
2018 05 27 17 05 290  2.6 99.0 99.00 99.00 99.00 999 1016.6  11.2  12.4 999.0 99.0 99.00
2018 05 27 18 05 260  2.1 99.0 99.00 99.00 99.00 999 1016.6  11.4  12.5 999.0 99.0 99.00
2018 05 27 19 05 270  5.1 99.0 99.00 99.00 99.00 999 1016.3  12.0  12.5 999.0 99.0 99.00
2018 05 27 20 05 280  4.1 99.0 99.00 99.00 99.00 999 1016.0  12.1  12.4 999.0 99.0 99.00
2018 05 27 21 05 280  6.7 99.0 99.00 99.00 99.00 999 1015.5  12.0  12.5 999.0 99.0 99.00
2018 05 27 22 05 270  5.1 99.0 99.00 99.00 99.00 999 1015.1  12.4  12.4 999.0 99.0 99.00
2018 05 27 23 05 270  5.1 99.0 99.00 99.00 99.00 999 1014.8  12.3  12.7 999.0 99.0 99.00
2018 05 28 00 05 260  3.6 99.0 99.00 99.00 99.00 999 1014.3  12.7  12.5 999.0 99.0 99.00
2018 05 28 01 05 260  4.6 99.0 99.00 99.00 99.00 999 1014.1  12.9  12.7 999.0 99.0 99.00
2018 05 28 02 05 270  3.6 99.0 99.00 99.00 99.00 999 1013.9  13.1  12.7 999.0 99.0 99.00
2018 05 28 03 05 260  4.1 99.0 99.00 99.00 99.00 999 1013.7  12.9  12.7 999.0 99.0 99.00
2018 05 28 04 05 280  5.7 99.0 99.00 99.00 99.00 999 1013.7  12.8  12.5 999.0 99.0 99.00
2018 05 28 05 05 300  2.1 99.0 99.00 99.00 99.00 999 1014.4  12.7  12.5 999.0 99.0 99.00
2018 05 28 06 05 360  2.1 99.0 99.00 99.00 99.00 999 1014.2  13.2  13.0 999.0 99.0 99.00
2018 05 28 07 05 270  1.5 99.0 99.00 99.00 99.00 999 1014.5  12.9  12.9 999.0 99.0 99.00
2018 05 28 08 05 300  3.1 99.0 99.00 99.00 99.00 999 1014.3  13.0  13.0 999.0 99.0 99.00
2018 05 28 09 05 320  2.6 99.0 99.00 99.00 99.00 999 1014.3  12.6  13.0 999.0 99.0 99.00
2018 05 28 10 05 290  1.5 99.0 99.00 99.00 99.00 999 1014.8  12.2  13.0 999.0 99.0 99.00
2018 05 28 11 05  30  0.5 99.0 99.00 99.00 99.00 999 1014.5  12.1  12.8 999.0 99.0 99.00
2018 05 28 12 05 350  1.0 99.0 99.00 99.00 99.00 999 1014.4  12.0  12.7 999.0 99.0 99.00
2018 05 28 13 05 310  1.0 99.0 99.00 99.00 99.00 999 1014.6  11.6  12.4 999.0 99.0 99.00
2018 05 28 14 05 340  2.1 99.0 99.00 99.00 99.00 999 1015.0  11.4  12.5 999.0 99.0 99.00
2018 05 28 15 05 330  2.1 99.0 99.00 99.00 99.00 999 1014.9  11.2  12.5 999.0 99.0 99.00
2018 05 28 16 05 340  1.0 99.0 99.00 99.00 99.00 999 1015.6  11.3  12.7 999.0 99.0 99.00
2018 05 28 17 05 310  1.0 99.0 99.00 99.00 99.00 999 1015.9  11.5  12.8 999.0 99.0 99.00
2018 05 28 18 05 240  3.1 99.0 99.00 99.00 99.00 999 1016.1  11.8  13.2 999.0 99.0 99.00
2018 05 28 19 05 210  4.6 99.0 99.00 99.00 99.00 999 1016.1  12.4  13.8 999.0 99.0 99.00
2018 05 28 20 05 230  4.6 99.0 99.00 99.00 99.00 999 1014.7  13.3  13.9 999.0 99.0 99.00
2018 05 28 21 04 230  4.6 99.0 99.00 99.00 99.00 999 1014.3  13.8  13.9 999.0 99.0 99.00
2018 05 28 22 04 230  3.6 99.0 99.00 99.00 99.00 999 1014.1  13.9  13.9 999.0 99.0 99.00
2018 05 28 23 04 230  3.6 99.0 99.00 99.00 99.00 999 1013.4  14.1  14.0 999.0 99.0 99.00
2018 05 29 00 04 230  4.1 99.0 99.00 99.00 99.00 999 1013.1  14.1  14.0 999.0 99.0 99.00
2018 05 29 01 04 250  2.6 99.0 99.00 99.00 99.00 999 1012.4  14.1  14.4 999.0 99.0 99.00
2018 05 29 02 04 280  3.1 99.0 99.00 99.00 99.00 999 1012.2  14.1  14.2 999.0 99.0 99.00
2018 05 29 03 04 270  2.1 99.0 99.00 99.00 99.00 999 1011.9  13.9  13.8 999.0 99.0 99.00
2018 05 29 04 04 230  3.6 99.0 99.00 99.00 99.00 999 1011.8  13.7  13.7 999.0 99.0 99.00
2018 05 29 05 04 250  5.7 99.0 99.00 99.00 99.00 999 1012.0  13.5  13.3 999.0 99.0 99.00
2018 05 29 06 04 270  4.6 99.0 99.00 99.00 99.00 999 1011.9  13.4  13.1 999.0 99.0 99.00
2018 05 29 07 04 280  4.1 99.0 99.00 99.00 99.00 999 1011.6  13.5  13.0 999.0 99.0 99.00
2018 05 29 08 04 330  2.6 99.0 99.00 99.00 99.00 999 1011.0  13.4  13.1 999.0 99.0 99.00
2018 05 29 09 04 330  2.6 99.0 99.00 99.00 99.00 999 1010.7  13.5  13.2 999.0 99.0 99.00
2018 05 29 10 04 300  2.6 99.0 99.00 99.00 99.00 999 1010.4  13.0  13.1 999.0 99.0 99.00
2018 05 29 11 04 290  2.1 99.0 99.00 99.00 99.00 999 1010.4  13.1  13.1 999.0 99.0 99.00
2018 05 29 12 04 270  1.5 99.0 99.00 99.00 99.00 999 1010.5  13.0  13.0 999.0 99.0 99.00
2018 05 29 13 04 250  1.5 99.0 99.00 99.00 99.00 999 1010.5  13.0  13.1 999.0 99.0 99.00
2018 05 29 14 04 220  2.1 99.0 99.00 99.00 99.00 999 1010.9  13.1  13.2 999.0 99.0 99.00
2018 05 29 15 04 210  2.1 99.0 99.00 99.00 99.00 999 1011.1  13.3  13.3 999.0 99.0 99.00
2018 05 29 16 04 250  2.1 99.0 99.00 99.00 99.00 999 1011.8  13.4  13.5 999.0 99.0 99.00
2018 05 29 17 04 260  2.6 99.0 99.00 99.00 99.00 999 1011.7  13.0  13.7 999.0 99.0 99.00
2018 05 29 18 04 250  2.6 99.0 99.00 99.00 99.00 999 1011.7  13.1  14.1 999.0 99.0 99.00
2018 05 29 19 04 240  3.6 99.0 99.00 99.00 99.00 999 1011.5  13.2  13.9 999.0 99.0 99.00
2018 05 29 20 04 260  5.7 99.0 99.00 99.00 99.00 999 1011.4  13.4  14.2 999.0 99.0 99.00
2018 05 29 21 04 270  4.6 99.0 99.00 99.00 99.00 999 1011.0  13.4  14.0 999.0 99.0 99.00
2018 05 29 22 04 280  6.2 99.0 99.00 99.00 99.00 999 1010.4  13.4  14.1 999.0 99.0 99.00
2018 05 29 23 04 280  5.7 99.0 99.00 99.00 99.00 999 1010.0  13.5  14.1 999.0 99.0 99.00
2018 05 30 00 04 290  7.2 99.0 99.00 99.00 99.00 999 1009.3  13.5  13.7 999.0 99.0 99.00
2018 05 30 01 04 280  8.2 99.0 99.00 99.00 99.00 999 1008.9  13.4  13.5 999.0 99.0 99.00
2018 05 30 02 04 280  9.3 99.0 99.00 99.00 99.00 999 1008.1  13.2  13.1 999.0 99.0 99.00
2018 05 30 03 04 300  9.8 99.0 99.00 99.00 99.00 999 1008.1  13.0  12.9 999.0 99.0 99.00
2018 05 30 04 04 300  9.8 99.0 99.00 99.00 99.00 999 1008.3  12.8  12.6 999.0 99.0 99.00
2018 05 30 05 04 300 10.3 99.0 99.00 99.00 99.00 999 1008.8  12.7  12.4 999.0 99.0 99.00
2018 05 30 06 04 310  8.2 99.0 99.00 99.00 99.00 999 1009.1  12.6  12.3 999.0 99.0 99.00
2018 05 30 07 04 310  8.8 99.0 99.00 99.00 99.00 999 1009.1  12.5  12.2 999.0 99.0 99.00
2018 05 30 08 04 310  8.8 99.0 99.00 99.00 99.00 999 1008.8  12.4  12.3 999.0 99.0 99.00
2018 05 30 09 04 300  6.7 99.0 99.00 99.00 99.00 999 1009.1  12.4  12.5 999.0 99.0 99.00
2018 05 30 10 04 300  7.7 99.0 99.00 99.00 99.00 999 1009.2  12.3  12.4 999.0 99.0 99.00
2018 05 30 11 04 300  6.7 99.0 99.00 99.00 99.00 999 1009.7  12.3  12.5 999.0 99.0 99.00
2018 05 30 12 04 300  6.7 99.0 99.00 99.00 99.00 999 1010.1  12.3  12.7 999.0 99.0 99.00
2018 05 30 13 04 300  7.2 99.0 99.00 99.00 99.00 999 1010.5  12.2  12.6 999.0 99.0 99.00
2018 05 30 14 04 300  6.7 99.0 99.00 99.00 99.00 999 1011.0  12.2  12.6 999.0 99.0 99.00
2018 05 30 15 04 290  7.2 99.0 99.00 99.00 99.00 999 1011.3  12.2  12.6 999.0 99.0 99.00
2018 05 30 16 04 290  8.2 99.0 99.00 99.00 99.00 999 1011.7  12.2  12.6 999.0 99.0 99.00
2018 05 30 17 04 280  7.2 99.0 99.00 99.00 99.00 999 1012.1  12.2  12.6 999.0 99.0 99.00
2018 05 30 18 04 280  7.2 99.0 99.00 99.00 99.00 999 1012.5  12.2  12.6 999.0 99.0 99.00
2018 05 30 19 04 270  7.7 99.0 99.00 99.00 99.00 999 1013.0  12.3  12.7 999.0 99.0 99.00
2018 05 30 20 04 270  7.2 99.0 99.00 99.00 99.00 999 1012.9  12.4  12.7 999.0 99.0 99.00
2018 05 30 21 04 270  8.2 99.0 99.00 99.00 99.00 999 1012.7  12.4  12.8 999.0 99.0 99.00
2018 05 30 22 04 270  7.7 99.0 99.00 99.00 99.00 999 1012.7  12.8  12.8 999.0 99.0 99.00
2018 05 30 23 04 270  8.2 99.0 99.00 99.00 99.00 999 1012.5  12.9  12.8 999.0 99.0 99.00
2018 05 31 00 04 270 11.3 99.0 99.00 99.00 99.00 999 1011.9  12.9  12.7 999.0 99.0 99.00
2018 05 31 01 04 270 11.3 99.0 99.00 99.00 99.00 999 1011.9  12.8  12.6 999.0 99.0 99.00
2018 05 31 02 04 280 11.3 99.0 99.00 99.00 99.00 999 1011.8  12.8  12.6 999.0 99.0 99.00
2018 05 31 03 04 300  9.3 99.0 99.00 99.00 99.00 999 1012.4  12.6  12.5 999.0 99.0 99.00
2018 05 31 04 04 310  8.8 99.0 99.00 99.00 99.00 999 1012.6  12.7  12.5 999.0 99.0 99.00
2018 05 31 05 04 300  7.7 99.0 99.00 99.00 99.00 999 1013.3  12.5  12.4 999.0 99.0 99.00
2018 05 31 06 04 310  7.7 99.0 99.00 99.00 99.00 999 1013.7  12.5  12.4 999.0 99.0 99.00
2018 05 31 07 04 300  7.7 99.0 99.00 99.00 99.00 999 1013.6  12.6  12.3 999.0 99.0 99.00
2018 05 31 08 04 300  7.7 99.0 99.00 99.00 99.00 999 1013.4  12.5  12.1 999.0 99.0 99.00
2018 05 31 09 04 300  7.2 99.0 99.00 99.00 99.00 999 1013.5  12.5  12.0 999.0 99.0 99.00
2018 05 31 10 04 300  6.2 99.0 99.00 99.00 99.00 999 1013.5  12.4  11.9 999.0 99.0 99.00
2018 05 31 11 04 290  6.2 99.0 99.00 99.00 99.00 999 1013.8  12.4  12.0 999.0 99.0 99.00
2018 05 31 12 04 300  6.2 99.0 99.00 99.00 99.00 999 1014.0  12.4  11.9 999.0 99.0 99.00
2018 05 31 13 04 290  7.7 99.0 99.00 99.00 99.00 999 1014.1  12.3  11.9 999.0 99.0 99.00
2018 05 31 14 04 300  8.2 99.0 99.00 99.00 99.00 999 1014.7  12.4  11.9 999.0 99.0 99.00
2018 05 31 15 04 300  7.7 99.0 99.00 99.00 99.00 999 1015.0  12.3  11.9 999.0 99.0 99.00
2018 05 31 16 04 300  7.7 99.0 99.00 99.00 99.00 999 1015.7  12.4  12.0 999.0 99.0 99.00
2018 05 31 17 04 290  8.2 99.0 99.00 99.00 99.00 999 1015.8  12.4  12.1 999.0 99.0 99.00
2018 05 31 18 04 280  8.2 99.0 99.00 99.00 99.00 999 1016.0  12.5  12.2 999.0 99.0 99.00
2018 05 31 19 04 280  9.8 99.0 99.00 99.00 99.00 999 1016.2  12.5  12.3 999.0 99.0 99.00
2018 05 31 20 04 280  8.8 99.0 99.00 99.00 99.00 999 1016.7  12.5  12.3 999.0 99.0 99.00
2018 05 31 21 04 290  9.3 99.0 99.00 99.00 99.00 999 1016.8  12.7  12.4 999.0 99.0 99.00
2018 05 31 22 04 290  9.3 99.0 99.00 99.00 99.00 999 1016.8  12.6  12.4 999.0 99.0 99.00
2018 05 31 23 04 290  7.7 99.0 99.00 99.00 99.00 999 1016.8  12.8  12.4 999.0 99.0 99.00
