#YY  MM DD hh mm WDIR WSPD GST  WVHT   DPD   APD MWD   PRES  ATMP  WTMP  DEWP  VIS  TIDE
#yr  mo dy hr mn degT m/s  m/s     m   sec   sec deg    hPa  degC  degC  degC  nmi    ft
2018 06 01 00 04 300  7.7 99.0 99.00 99.00 99.00 999 1016.9  12.6  12.2 999.0 99.0 99.00
2018 06 01 01 04 300  8.8 99.0 99.00 99.00 99.00 999 1016.6  12.6  12.2 999.0 99.0 99.00
2018 06 01 02 04 300  9.3 99.0 99.00 99.00 99.00 999 1016.6  12.6  12.1 999.0 99.0 99.00
2018 06 01 03 04 300  8.2 99.0 99.00 99.00 99.00 999 1016.8  12.5  12.1 999.0 99.0 99.00
2018 06 01 04 04 310  8.2 99.0 99.00 99.00 99.00 999 1017.0  12.3  12.0 999.0 99.0 99.00
2018 06 01 05 04 310  8.8 99.0 99.00 99.00 99.00 999 1017.3  12.2  11.9 999.0 99.0 99.00
2018 06 01 06 04 320  7.7 99.0 99.00 99.00 99.00 999 1017.5  12.1  11.8 999.0 99.0 99.00
2018 06 01 07 04 310  8.2 99.0 99.00 99.00 99.00 999 1017.5  12.1  11.7 999.0 99.0 99.00
2018 06 01 08 04 310  7.7 99.0 99.00 99.00 99.00 999 1017.3  11.9  11.6 999.0 99.0 99.00
2018 06 01 09 04 320  7.2 99.0 99.00 99.00 99.00 999 1017.0  11.7  11.6 999.0 99.0 99.00
2018 06 01 10 04 350  3.6 99.0 99.00 99.00 99.00 999 1017.5  11.4  11.7 999.0 99.0 99.00
2018 06 01 11 04 340  4.1 99.0 99.00 99.00 99.00 999 1017.4  11.3  11.9 999.0 99.0 99.00
2018 06 01 13 15 360  2.6 99.0 99.00 99.00 99.00 999 1018.1  11.2  11.8 999.0 99.0 99.00
2018 06 01 14 04  10  3.1 99.0 99.00 99.00 99.00 999 1018.3  11.2  11.8 999.0 99.0 99.00
2018 06 01 15 04 360  3.6 99.0 99.00 99.00 99.00 999 1018.7  11.0  11.8 999.0 99.0 99.00
2018 06 01 16 04  30  2.1 99.0 99.00 99.00 99.00 999 1018.9  11.2  11.9 999.0 99.0 99.00
2018 06 01 17 04 300  2.6 99.0 99.00 99.00 99.00 999 1019.1  11.4  12.0 999.0 99.0 99.00
2018 06 01 18 04 290  5.1 99.0 99.00 99.00 99.00 999 1018.8  12.0  12.2 999.0 99.0 99.00
2018 06 01 19 04 300  5.1 99.0 99.00 99.00 99.00 999 1018.8  12.0  12.5 999.0 99.0 99.00
2018 06 01 20 04 300  5.7 99.0 99.00 99.00 99.00 999 1018.5  12.2  12.4 999.0 99.0 99.00
2018 06 01 21 04 300  8.2 99.0 99.00 99.00 99.00 999 1017.8  12.5  12.3 999.0 99.0 99.00
2018 06 01 22 04 300  8.8 99.0 99.00 99.00 99.00 999 1017.3  12.7  12.2 999.0 99.0 99.00
2018 06 01 23 04 300  8.8 99.0 99.00 99.00 99.00 999 1016.9  13.0  12.4 999.0 99.0 99.00
2018 06 02 00 04 300 10.3 99.0 99.00 99.00 99.00 999 1016.1  13.2  12.5 999.0 99.0 99.00
2018 06 02 01 04 300  9.3 99.0 99.00 99.00 99.00 999 1015.5  13.5  12.3 999.0 99.0 99.00
2018 06 02 02 04 310  9.3 99.0 99.00 99.00 99.00 999 1015.2  13.8  12.2 999.0 99.0 99.00
2018 06 02 03 04 320  9.3 99.0 99.00 99.00 99.00 999 1015.4  13.2  12.1 999.0 99.0 99.00
2018 06 02 04 04 320 10.3 99.0 99.00 99.00 99.00 999 1015.5  12.7  12.0 999.0 99.0 99.00
2018 06 02 05 04 330  9.3 99.0 99.00 99.00 99.00 999 1016.2  12.3  12.0 999.0 99.0 99.00
2018 06 02 06 04 320  5.1 99.0 99.00 99.00 99.00 999 1016.3  12.3  12.0 999.0 99.0 99.00
2018 06 02 07 04 330  4.1 99.0 99.00 99.00 99.00 999 1016.5  12.3  11.9 999.0 99.0 99.00
2018 06 02 08 04 320  4.6 99.0 99.00 99.00 99.00 999 1016.3  12.1  11.9 999.0 99.0 99.00
2018 06 02 09 24 310  4.6 99.0 99.00 99.00 99.00 999 1016.2  12.1  11.8 999.0 99.0 99.00
2018 06 02 10 24 330  4.1 99.0 99.00 99.00 99.00 999 1016.0  11.9  11.6 999.0 99.0 99.00
2018 06 02 11 24 320  5.1 99.0 99.00 99.00 99.00 999 1015.8  12.0  11.8 999.0 99.0 99.00
2018 06 02 12 24 330  5.1 99.0 99.00 99.00 99.00 999 1015.6  11.8  11.9 999.0 99.0 99.00
2018 06 02 13 24 330  4.6 99.0 99.00 99.00 99.00 999 1015.7  11.8  12.0 999.0 99.0 99.00
2018 06 02 14 24 350  2.6 99.0 99.00 99.00 99.00 999 1016.3  12.0  12.0 999.0 99.0 99.00
2018 06 02 15 24 340  3.1 99.0 99.00 99.00 99.00 999 1016.5  12.0  12.0 999.0 99.0 99.00
2018 06 02 16 24 320  3.1 99.0 99.00 99.00 99.00 999 1016.4  12.2  12.0 999.0 99.0 99.00
2018 06 02 17 24 310  4.6 99.0 99.00 99.00 99.00 999 1016.3  12.4  12.0 999.0 99.0 99.00
2018 06 02 18 24 300  6.2 99.0 99.00 99.00 99.00 999 1016.0  12.5  12.1 999.0 99.0 99.00
2018 06 02 19 24 300  7.7 99.0 99.00 99.00 99.00 999 1015.8  12.7  12.3 999.0 99.0 99.00
2018 06 02 20 24 300  7.7 99.0 99.00 99.00 99.00 999 1015.2  12.7  12.4 999.0 99.0 99.00
2018 06 02 21 04 300  6.7 99.0 99.00 99.00 99.00 999 1015.0  12.8  12.4 999.0 99.0 99.00
2018 06 02 22 04 300  7.7 99.0 99.00 99.00 99.00 999 1014.2  13.0  12.4 999.0 99.0 99.00
2018 06 02 23 04 290  7.7 99.0 99.00 99.00 99.00 999 1013.7  13.1  12.4 999.0 99.0 99.00
2018 06 03 00 04 290  9.3 99.0 99.00 99.00 99.00 999 1013.4  13.2  12.3 999.0 99.0 99.00
2018 06 03 01 04 300  6.7 99.0 99.00 99.00 99.00 999 1013.3  13.2  12.2 999.0 99.0 99.00
2018 06 03 02 04 290  6.2 99.0 99.00 99.00 99.00 999 1013.3  13.0  12.2 999.0 99.0 99.00
2018 06 03 03 04 300  7.2 99.0 99.00 99.00 99.00 999 1012.8  12.6  12.1 999.0 99.0 99.00
2018 06 03 04 04 320  6.7 99.0 99.00 99.00 99.00 999 1013.0  12.4  12.0 999.0 99.0 99.00
2018 06 03 05 04 310  4.6 99.0 99.00 99.00 99.00 999 1013.3  12.2  11.9 999.0 99.0 99.00
2018 06 03 06 04 300  5.1 99.0 99.00 99.00 99.00 999 1013.3  12.2  11.9 999.0 99.0 99.00
2018 06 03 07 04 290  5.1 99.0 99.00 99.00 99.00 999 1012.9  12.2  11.8 999.0 99.0 99.00
2018 06 03 08 04 330  3.1 99.0 99.00 99.00 99.00 999 1012.7  12.3  11.7 999.0 99.0 99.00
2018 06 03 09 04 310  4.6 99.0 99.00 99.00 99.00 999 1012.7  12.1  11.7 999.0 99.0 99.00
2018 06 03 10 04 320  3.1 99.0 99.00 99.00 99.00 999 1012.7  12.0  11.7 999.0 99.0 99.00
2018 06 03 11 04 300  2.6 99.0 99.00 99.00 99.00 999 1012.7  12.0  11.7 999.0 99.0 99.00
2018 06 03 12 04 300  3.1 99.0 99.00 99.00 99.00 999 1012.6  11.9  11.7 999.0 99.0 99.00
2018 06 03 13 04  30  2.1 99.0 99.00 99.00 99.00 999 1012.4  11.5  11.7 999.0 99.0 99.00
2018 06 03 14 04 340  1.5 99.0 99.00 99.00 99.00 999 1013.2  11.1  11.7 999.0 99.0 99.00
2018 06 03 15 04 280  1.5 99.0 99.00 99.00 99.00 999 1013.5  10.8  11.8 999.0 99.0 99.00
2018 06 03 16 04 300  3.1 99.0 99.00 99.00 99.00 999 1014.4  11.3  11.9 999.0 99.0 99.00
2018 06 03 17 04 280  3.1 99.0 99.00 99.00 99.00 999 1013.6  12.2  12.1 999.0 99.0 99.00
2018 06 03 18 04 280  4.6 99.0 99.00 99.00 99.00 999 1013.8  12.7  12.3 999.0 99.0 99.00
2018 06 03 19 04 270  5.1 99.0 99.00 99.00 99.00 999 1013.9  12.8  12.3 999.0 99.0 99.00
2018 06 03 20 04 280  5.1 99.0 99.00 99.00 99.00 999 1013.9  12.7  12.6 999.0 99.0 99.00
2018 06 03 21 04 270  6.2 99.0 99.00 99.00 99.00 999 1013.8  11.9  12.5 999.0 99.0 99.00
2018 06 03 22 04 280  7.2 99.0 99.00 99.00 99.00 999 1013.9  11.9  12.7 999.0 99.0 99.00
2018 06 03 23 04 280  5.7 99.0 99.00 99.00 99.00 999 1013.7  11.9  12.6 999.0 99.0 99.00
2018 06 04 00 04 280  5.1 99.0 99.00 99.00 99.00 999 1013.4  12.6  12.7 999.0 99.0 99.00
2018 06 04 01 04 280  5.1 99.0 99.00 99.00 99.00 999 1012.9  12.8  12.5 999.0 99.0 99.00
2018 06 04 02 04 290  6.2 99.0 99.00 99.00 99.00 999 1012.6  12.8  12.4 999.0 99.0 99.00
2018 06 04 03 04 300  5.1 99.0 99.00 99.00 99.00 999 1012.5  12.7  12.4 999.0 99.0 99.00
2018 06 04 04 04 310  6.7 99.0 99.00 99.00 99.00 999 1012.7  12.6  12.3 999.0 99.0 99.00
2018 06 04 05 04 320  6.2 99.0 99.00 99.00 99.00 999 1013.1  12.4  12.3 999.0 99.0 99.00
2018 06 04 06 04 300  5.7 99.0 99.00 99.00 99.00 999 1013.0  12.4  12.0 999.0 99.0 99.00
2018 06 04 07 04 310  5.1 99.0 99.00 99.00 99.00 999 1013.0  12.3  11.9 999.0 99.0 99.00
2018 06 04 08 04 320  3.6 99.0 99.00 99.00 99.00 999 1012.9  12.6  11.8 999.0 99.0 99.00
2018 06 04 09 04 320  4.1 99.0 99.00 99.00 99.00 999 1012.8  12.2  12.0 999.0 99.0 99.00
2018 06 04 10 04 320  3.6 99.0 99.00 99.00 99.00 999 1012.6  12.2  11.9 999.0 99.0 99.00
2018 06 04 11 04 310  5.7 99.0 99.00 99.00 99.00 999 1012.3  12.4  11.8 999.0 99.0 99.00
2018 06 04 12 04 310  3.6 99.0 99.00 99.00 99.00 999 1012.4  12.2  11.8 999.0 99.0 99.00
2018 06 04 13 04 320  2.6 99.0 99.00 99.00 99.00 999 1012.9  12.1  11.7 999.0 99.0 99.00
2018 06 04 14 04 360  1.5 99.0 99.00 99.00 99.00 999 1013.3  11.0  12.0 999.0 99.0 99.00
2018 06 04 15 04 300  0.5 99.0 99.00 99.00 99.00 999 1014.8  10.8  12.2 999.0 99.0 99.00
2018 06 04 16 04 310  7.7 99.0 99.00 99.00 99.00 999 1014.6  12.3  12.2 999.0 99.0 99.00
2018 06 04 17 04 310  9.3 99.0 99.00 99.00 99.00 999 1014.7  12.5  12.1 999.0 99.0 99.00
2018 06 04 18 04 300 11.3 99.0 99.00 99.00 99.00 999 1013.8  12.3  12.0 999.0 99.0 99.00
2018 06 04 19 04 290 11.8 99.0 99.00 99.00 99.00 999 1013.7  12.3  11.9 999.0 99.0 99.00
2018 06 04 20 04 290 12.4 99.0 99.00 99.00 99.00 999 1013.5  12.4  11.8 999.0 99.0 99.00
2018 06 04 21 04 290 12.4 99.0 99.00 99.00 99.00 999 1012.7  12.7  11.8 999.0 99.0 99.00
2018 06 04 22 04 300 13.4 99.0 99.00 99.00 99.00 999 1012.3  12.7  11.7 999.0 99.0 99.00
2018 06 04 23 04 300 12.4 99.0 99.00 99.00 99.00 999 1012.3  12.8  11.6 999.0 99.0 99.00
2018 06 05 00 04 300 11.8 99.0 99.00 99.00 99.00 999 1012.0  12.9  11.6 999.0 99.0 99.00
2018 06 05 01 04 300 10.8 99.0 99.00 99.00 99.00 999 1011.7  12.7  11.5 999.0 99.0 99.00
2018 06 05 02 04 300 12.9 99.0 99.00 99.00 99.00 999 1011.6  12.7  11.4 999.0 99.0 99.00
2018 06 05 03 04 300 11.3 99.0 99.00 99.00 99.00 999 1012.2  12.7  11.4 999.0 99.0 99.00
2018 06 05 04 04 310  9.3 99.0 99.00 99.00 99.00 999 1012.7  12.5  11.2 999.0 99.0 99.00
2018 06 05 05 04 310  8.8 99.0 99.00 99.00 99.00 999 1013.3  12.2  11.1 999.0 99.0 99.00
2018 06 05 06 04 310  8.2 99.0 99.00 99.00 99.00 999 1013.6  12.1  11.1 999.0 99.0 99.00
2018 06 05 07 04 310  6.7 99.0 99.00 99.00 99.00 999 1013.5  12.0  11.0 999.0 99.0 99.00
2018 06 05 08 04 300  8.8 99.0 99.00 99.00 99.00 999 1013.3  11.9  11.0 999.0 99.0 99.00
2018 06 05 09 04 310  8.2 99.0 99.00 99.00 99.00 999 1013.1  11.9  11.0 999.0 99.0 99.00
2018 06 05 10 04 320  6.7 99.0 99.00 99.00 99.00 999 1013.1  11.8  11.0 999.0 99.0 99.00
2018 06 05 11 04 310  6.2 99.0 99.00 99.00 99.00 999 1013.2  11.7  11.1 999.0 99.0 99.00
2018 06 05 12 04 310  6.2 99.0 99.00 99.00 99.00 999 1013.3  11.6  11.1 999.0 99.0 99.00
2018 06 05 13 04 320  5.1 99.0 99.00 99.00 99.00 999 1013.5  11.5  11.2 999.0 99.0 99.00
2018 06 05 14 04 300  5.1 99.0 99.00 99.00 99.00 999 1013.9  11.6  11.2 999.0 99.0 99.00
2018 06 05 15 04 310  5.1 99.0 99.00 99.00 99.00 999 1014.3  11.7  11.2 999.0 99.0 99.00
2018 06 05 16 04 300  6.2 99.0 99.00 99.00 99.00 999 1014.8  11.8  11.2 999.0 99.0 99.00
2018 06 05 17 04 290  7.2 99.0 99.00 99.00 99.00 999 1014.7  11.9  11.3 999.0 99.0 99.00
2018 06 05 18 04 280  8.2 99.0 99.00 99.00 99.00 999 1014.5  12.1  11.3 999.0 99.0 99.00
2018 06 05 19 04 290  8.8 99.0 99.00 99.00 99.00 999 1014.6  12.1  11.4 999.0 99.0 99.00
2018 06 05 20 04 290  9.3 99.0 99.00 99.00 99.00 999 1014.6  12.4  11.4 999.0 99.0 99.00
2018 06 05 21 04 290  8.8 99.0 99.00 99.00 99.00 999 1014.4  12.3  11.3 999.0 99.0 99.00
2018 06 05 22 04 290 10.3 99.0 99.00 99.00 99.00 999 1013.9  12.4  11.2 999.0 99.0 99.00
2018 06 05 23 04 290 10.3 99.0 99.00 99.00 99.00 999 1013.4  12.3  11.3 999.0 99.0 99.00
2018 06 06 00 04 290 10.3 99.0 99.00 99.00 99.00 999 1012.9  12.4  11.3 999.0 99.0 99.00
2018 06 06 01 04 290 10.8 99.0 99.00 99.00 99.00 999 1012.6  12.3  11.3 999.0 99.0 99.00
2018 06 06 02 04 300 10.8 99.0 99.00 99.00 99.00 999 1012.4  12.3  11.2 999.0 99.0 99.00
2018 06 06 03 04 300 11.3 99.0 99.00 99.00 99.00 999 1012.3  12.3  11.1 999.0 99.0 99.00
2018 06 06 04 04 300  9.8 99.0 99.00 99.00 99.00 999 1012.8  12.1  11.1 999.0 99.0 99.00
2018 06 06 05 04 310  7.7 99.0 99.00 99.00 99.00 999 1013.4  12.0  11.0 999.0 99.0 99.00
2018 06 06 06 04 310  7.2 99.0 99.00 99.00 99.00 999 1013.7  11.8  11.0 999.0 99.0 99.00
2018 06 06 07 04 310  6.7 99.0 99.00 99.00 99.00 999 1013.4  11.9  10.9 999.0 99.0 99.00
2018 06 06 08 04 320  5.7 99.0 99.00 99.00 99.00 999 1013.3  11.8  10.9 999.0 99.0 99.00
2018 06 06 09 04 310  6.2 99.0 99.00 99.00 99.00 999 1013.0  11.8  10.8 999.0 99.0 99.00
2018 06 06 10 04 300  6.2 99.0 99.00 99.00 99.00 999 1012.8  11.8  10.8 999.0 99.0 99.00
2018 06 06 11 04 300  5.7 99.0 99.00 99.00 99.00 999 1012.8  11.8  10.9 999.0 99.0 99.00
2018 06 06 12 04 300  5.1 99.0 99.00 99.00 99.00 999 1013.0  11.5  10.9 999.0 99.0 99.00
2018 06 06 13 04 280  4.1 99.0 99.00 99.00 99.00 999 1013.4  11.7  10.9 999.0 99.0 99.00
2018 06 06 14 04 260  3.1 99.0 99.00 99.00 99.00 999 1013.8  11.7  10.9 999.0 99.0 99.00
2018 06 06 15 04 240  2.6 99.0 99.00 99.00 99.00 999 1014.2  11.8  11.0 999.0 99.0 99.00
2018 06 06 16 04 270  4.1 99.0 99.00 99.00 99.00 999 1014.7  12.0  11.0 999.0 99.0 99.00
2018 06 06 17 04 270  4.6 99.0 99.00 99.00 99.00 999 1015.0  12.0  11.0 999.0 99.0 99.00
2018 06 06 18 04 260  4.6 99.0 99.00 99.00 99.00 999 1015.0  12.1  11.1 999.0 99.0 99.00
2018 06 06 19 24 260  6.2 99.0 99.00 99.00 99.00 999 1015.0  12.1  11.2 999.0 99.0 99.00
2018 06 06 20 24 250  7.2 99.0 99.00 99.00 99.00 999 1014.8  12.4  11.3 999.0 99.0 99.00
2018 06 06 21 24 260  7.2 99.0 99.00 99.00 99.00 999 1014.5  12.6  11.4 999.0 99.0 99.00
2018 06 06 22 24 250  7.7 99.0 99.00 99.00 99.00 999 1014.3  12.5  11.4 999.0 99.0 99.00
2018 06 06 23 24 260  8.2 99.0 99.00 99.00 99.00 999 1013.7  12.6  11.4 999.0 99.0 99.00
2018 06 07 01 24 260  9.3 99.0 99.00 99.00 99.00 999 1013.8  12.6  11.3 999.0 99.0 99.00
2018 06 07 02 24 270  8.2 99.0 99.00 99.00 99.00 999 1014.2  12.4  11.2 999.0 99.0 99.00
2018 06 07 03 24 270  8.2 99.0 99.00 99.00 99.00 999 1014.1  12.2  11.2 999.0 99.0 99.00
2018 06 07 04 24 280  8.2 99.0 99.00 99.00 99.00 999 1014.1  11.9  11.1 999.0 99.0 99.00
2018 06 07 05 24 280  5.1 99.0 99.00 99.00 99.00 999 1014.5  11.8  11.1 999.0 99.0 99.00
2018 06 07 06 24 280  5.1 99.0 99.00 99.00 99.00 999 1014.8  11.7  11.0 999.0 99.0 99.00
2018 06 07 07 04 280  5.1 99.0 99.00 99.00 99.00 999 1014.8  11.7  11.0 999.0 99.0 99.00
2018 06 07 08 04 270  4.6 99.0 99.00 99.00 99.00 999 1014.7  11.8  11.0 999.0 99.0 99.00
2018 06 07 09 04 250  4.6 99.0 99.00 99.00 99.00 999 1014.8  11.8  11.0 999.0 99.0 99.00
2018 06 07 10 04 270  4.1 99.0 99.00 99.00 99.00 999 1014.6  12.0  11.0 999.0 99.0 99.00
2018 06 07 11 04 280  4.6 99.0 99.00 99.00 99.00 999 1014.6  12.1  11.0 999.0 99.0 99.00
2018 06 07 12 04 290  4.1 99.0 99.00 99.00 99.00 999 1014.7  12.0  11.0 999.0 99.0 99.00
2018 06 07 13 04 280  5.7 99.0 99.00 99.00 99.00 999 1015.2  12.1  11.0 999.0 99.0 99.00
2018 06 07 14 04 290  5.7 99.0 99.00 99.00 99.00 999 1015.9  12.2  11.0 999.0 99.0 99.00
2018 06 07 15 04 310  8.2 99.0 99.00 99.00 99.00 999 1016.8  12.3  11.0 999.0 99.0 99.00
2018 06 07 16 04 300  6.2 99.0 99.00 99.00 99.00 999 1017.4  12.4  11.1 999.0 99.0 99.00
2018 06 07 17 04 300  6.2 99.0 99.00 99.00 99.00 999 1017.6  12.3  11.2 999.0 99.0 99.00
2018 06 07 18 04 280  5.1 99.0 99.00 99.00 99.00 999 1018.1  12.3  11.3 999.0 99.0 99.00
2018 06 07 19 04 280  5.1 99.0 99.00 99.00 99.00 999 1018.4  12.4  11.4 999.0 99.0 99.00
2018 06 07 20 04 280  7.2 99.0 99.00 99.00 99.00 999 1018.3  12.7  11.4 999.0 99.0 99.00
2018 06 07 21 04 280  8.2 99.0 99.00 99.00 99.00 999 1018.3  12.8  11.6 999.0 99.0 99.00
2018 06 07 22 04 280  9.3 99.0 99.00 99.00 99.00 999 1017.8  12.8  11.5 999.0 99.0 99.00
2018 06 07 23 04 280  7.2 99.0 99.00 99.00 99.00 999 1017.9  13.0  11.5 999.0 99.0 99.00
2018 06 08 00 04 290  9.3 99.0 99.00 99.00 99.00 999 1017.1  13.0  11.4 999.0 99.0 99.00
2018 06 08 01 04 300  9.3 99.0 99.00 99.00 99.00 999 1016.8  13.0  11.4 999.0 99.0 99.00
2018 06 08 02 04 300  9.3 99.0 99.00 99.00 99.00 999 1016.7  13.0  11.3 999.0 99.0 99.00
2018 06 08 03 04 300  9.3 99.0 99.00 99.00 99.00 999 1016.8  12.9  11.3 999.0 99.0 99.00
2018 06 08 04 04 300  8.2 99.0 99.00 99.00 99.00 999 1017.2  12.7  11.2 999.0 99.0 99.00
2018 06 08 05 24 300  8.2 99.0 99.00 99.00 99.00 999 1017.9  12.6  11.1 999.0 99.0 99.00
2018 06 08 06 24 300  7.7 99.0 99.00 99.00 99.00 999 1018.0  12.5  11.0 999.0 99.0 99.00
2018 06 08 07 24 310  6.2 99.0 99.00 99.00 99.00 999 1017.7  12.2  11.0 999.0 99.0 99.00
2018 06 08 08 24 310  4.1 99.0 99.00 99.00 99.00 999 1017.4  11.8  11.0 999.0 99.0 99.00
2018 06 08 09 24 320  4.1 99.0 99.00 99.00 99.00 999 1017.5  11.8  11.0 999.0 99.0 99.00
2018 06 08 10 24 280  3.1 99.0 99.00 99.00 99.00 999 1017.4  12.0  11.0 999.0 99.0 99.00
2018 06 08 11 24 300  5.1 99.0 99.00 99.00 99.00 999 1017.2  12.2  11.0 999.0 99.0 99.00
2018 06 08 12 24 300  6.2 99.0 99.00 99.00 99.00 999 1017.4  12.6  11.0 999.0 99.0 99.00
2018 06 08 14 24 360  1.5 99.0 99.00 99.00 99.00 999 1018.4  11.6  11.0 999.0 99.0 99.00
2018 06 08 15 24  70  0.5 99.0 99.00 99.00 99.00 999 1019.1  11.0  11.1 999.0 99.0 99.00
2018 06 08 16 24  60  1.5 99.0 99.00 99.00 99.00 999 1019.0  10.7  11.4 999.0 99.0 99.00
2018 06 08 17 24 310  1.5 99.0 99.00 99.00 99.00 999 1019.3  11.5  11.7 999.0 99.0 99.00
2018 06 08 18 14 290  7.2 99.0 99.00 99.00 99.00 999 1018.8  12.5  11.8 999.0 99.0 99.00
2018 06 08 19 04 290  6.2 99.0 99.00 99.00 99.00 999 1018.6  12.4  11.5 999.0 99.0 99.00
2018 06 08 20 04 290  8.2 99.0 99.00 99.00 99.00 999 1018.5  12.4  11.5 999.0 99.0 99.00
2018 06 08 21 04 290  9.3 99.0 99.00 99.00 99.00 999 1018.1  12.6  11.6 999.0 99.0 99.00
2018 06 08 22 04 300  8.2 99.0 99.00 99.00 99.00 999 1017.9  12.6  11.5 999.0 99.0 99.00
2018 06 08 23 04 300  9.3 99.0 99.00 99.00 99.00 999 1017.5  12.7  11.6 999.0 99.0 99.00
2018 06 09 00 04 290 12.4 99.0 99.00 99.00 99.00 999 1016.1  12.7  11.4 999.0 99.0 99.00
2018 06 09 01 04 300 10.3 99.0 99.00 99.00 99.00 999 1016.2  12.9  11.3 999.0 99.0 99.00
2018 06 09 02 04 290 10.3 99.0 99.00 99.00 99.00 999 1016.1  12.8  11.2 999.0 99.0 99.00
2018 06 09 03 04 310  8.8 99.0 99.00 99.00 99.00 999 1016.6  12.8  11.1 999.0 99.0 99.00
2018 06 09 04 04 320  7.2 99.0 99.00 99.00 99.00 999 1017.2  12.6  11.0 999.0 99.0 99.00
2018 06 09 05 04 320  7.2 99.0 99.00 99.00 99.00 999 1017.8  12.6  11.0 999.0 99.0 99.00
2018 06 09 06 04 320  5.7 99.0 99.00 99.00 99.00 999 1018.1  12.3  10.9 999.0 99.0 99.00
2018 06 09 07 04 320  5.1 99.0 99.00 99.00 99.00 999 1018.0  12.1  10.9 999.0 99.0 99.00
2018 06 09 08 04 310  6.7 99.0 99.00 99.00 99.00 999 1017.7  12.1  10.9 999.0 99.0 99.00
2018 06 09 09 04 340  5.1 99.0 99.00 99.00 99.00 999 1017.7  12.1  10.9 999.0 99.0 99.00
2018 06 09 10 04 330  4.6 99.0 99.00 99.00 99.00 999 1017.4  11.8  10.9 999.0 99.0 99.00
2018 06 09 11 04 350  2.6 99.0 99.00 99.00 99.00 999 1017.4  12.0  10.9 999.0 99.0 99.00
2018 06 09 12 04 340  3.1 99.0 99.00 99.00 99.00 999 1017.3  11.9  10.9 999.0 99.0 99.00
2018 06 09 13 04  80  1.5 99.0 99.00 99.00 99.00 999 1017.9  11.4  10.9 999.0 99.0 99.00
2018 06 09 14 04   0  0.0 99.0 99.00 99.00 99.00 999 1018.5  11.5  10.9 999.0 99.0 99.00
2018 06 09 15 04 300  4.1 99.0 99.00 99.00 99.00 999 1019.1  12.1  11.0 999.0 99.0 99.00
2018 06 09 16 04 300  7.7 99.0 99.00 99.00 99.00 999 1019.2  12.0  11.1 999.0 99.0 99.00
2018 06 09 17 04 300  9.3 99.0 99.00 99.00 99.00 999 1019.5  12.0  11.1 999.0 99.0 99.00
2018 06 09 18 04 290  9.3 99.0 99.00 99.00 99.00 999 1019.7  12.6  11.1 999.0 99.0 99.00
2018 06 09 19 24 290 10.8 99.0 99.00 99.00 99.00 999 1019.2  12.6  11.0 999.0 99.0 99.00
2018 06 09 20 24 300 12.4 99.0 99.00 99.00 99.00 999 1019.2  12.7  11.0 999.0 99.0 99.00
2018 06 09 21 24 300 12.9 99.0 99.00 99.00 99.00 999 1018.9  12.7  10.9 999.0 99.0 99.00
2018 06 09 22 24 300 11.3 99.0 99.00 99.00 99.00 999 1019.0  12.7  11.0 999.0 99.0 99.00
2018 06 09 23 24 300 11.8 99.0 99.00 99.00 99.00 999 1018.6  12.6  11.0 999.0 99.0 99.00
2018 06 10 00 24 300  9.8 99.0 99.00 99.00 99.00 999 1018.4  12.6  10.9 999.0 99.0 99.00
2018 06 10 01 24 310  9.8 99.0 99.00 99.00 99.00 999 1018.3  12.4  10.9 999.0 99.0 99.00
2018 06 10 02 24 300 10.3 99.0 99.00 99.00 99.00 999 1017.8  12.4  10.8 999.0 99.0 99.00
2018 06 10 03 24 310 10.8 99.0 99.00 99.00 99.00 999 1018.1  12.3  10.6 999.0 99.0 99.00
2018 06 10 04 24 310  9.8 99.0 99.00 99.00 99.00 999 1018.0  12.0  10.5 999.0 99.0 99.00
2018 06 10 05 24 310 10.8 99.0 99.00 99.00 99.00 999 1018.4  12.1  10.5 999.0 99.0 99.00
2018 06 10 06 24 320 10.3 99.0 99.00 99.00 99.00 999 1018.4  12.0  10.4 999.0 99.0 99.00
2018 06 10 07 04 320  9.3 99.0 99.00 99.00 99.00 999 1018.3  11.9  10.4 999.0 99.0 99.00
2018 06 10 08 04 330  7.7 99.0 99.00 99.00 99.00 999 1018.5  11.6  10.3 999.0 99.0 99.00
2018 06 10 09 04 330  7.7 99.0 99.00 99.00 99.00 999 1018.6  11.4  10.3 999.0 99.0 99.00
2018 06 10 10 04 320  9.8 99.0 99.00 99.00 99.00 999 1018.1  11.2  10.2 999.0 99.0 99.00
2018 06 10 11 04 310  5.7 99.0 99.00 99.00 99.00 999 1018.3  11.0  10.2 999.0 99.0 99.00
2018 06 10 12 04 310  6.7 99.0 99.00 99.00 99.00 999 1018.4  11.0  10.3 999.0 99.0 99.00
2018 06 10 14 04 320  4.6 99.0 99.00 99.00 99.00 999 1018.4  11.0  10.3 999.0 99.0 99.00
2018 06 10 15 04 320  2.6 99.0 99.00 99.00 99.00 999 1018.8  11.1  10.3 999.0 99.0 99.00
2018 06 10 16 04  10  1.5 99.0 99.00 99.00 99.00 999 1019.3  11.4  10.4 999.0 99.0 99.00
2018 06 10 17 04 280  2.1 99.0 99.00 99.00 99.00 999 1019.4  11.1  10.8 999.0 99.0 99.00
2018 06 10 18 04 290  6.7 99.0 99.00 99.00 99.00 999 1019.4  11.6  10.8 999.0 99.0 99.00
2018 06 10 19 04 300  8.8 99.0 99.00 99.00 99.00 999 1019.4  11.8  10.8 999.0 99.0 99.00
2018 06 10 20 04 310 10.3 99.0 99.00 99.00 99.00 999 1018.6  11.9  10.8 999.0 99.0 99.00
2018 06 10 21 04 300 12.4 99.0 99.00 99.00 99.00 999 1017.9  12.0  10.6 999.0 99.0 99.00
2018 06 10 22 04 300 14.4 99.0 99.00 99.00 99.00 999 1017.0  12.3  10.6 999.0 99.0 99.00
2018 06 10 23 04 300 13.9 99.0 99.00 99.00 99.00 999 1016.4  12.3  10.5 999.0 99.0 99.00
2018 06 11 00 04 300 13.9 99.0 99.00 99.00 99.00 999 1016.0  12.5  10.5 999.0 99.0 99.00
2018 06 11 01 04 290 13.4 99.0 99.00 99.00 99.00 999 1015.7  12.4  10.3 999.0 99.0 99.00
2018 06 11 02 04 300 13.4 99.0 99.00 99.00 99.00 999 1015.4  12.4  10.3 999.0 99.0 99.00
2018 06 11 03 04 310 12.9 99.0 99.00 99.00 99.00 999 1015.5  12.4  10.1 999.0 99.0 99.00
2018 06 11 04 04 300 11.8 99.0 99.00 99.00 99.00 999 1015.7  12.1  10.0 999.0 99.0 99.00
2018 06 11 05 04 320  9.8 99.0 99.00 99.00 99.00 999 1016.5  11.9  10.0 999.0 99.0 99.00
2018 06 11 06 04 320  9.3 99.0 99.00 99.00 99.00 999 1016.4  11.9   9.9 999.0 99.0 99.00
2018 06 11 07 04 320  7.2 99.0 99.00 99.00 99.00 999 1016.5  11.7  10.0 999.0 99.0 99.00
2018 06 11 08 04 310  7.7 99.0 99.00 99.00 99.00 999 1016.3  11.7  10.0 999.0 99.0 99.00
2018 06 11 09 04 340  4.1 99.0 99.00 99.00 99.00 999 1016.0  11.4   9.9 999.0 99.0 99.00
2018 06 11 10 04 290  2.1 99.0 99.00 99.00 99.00 999 1015.9  11.1   9.9 999.0 99.0 99.00
2018 06 11 11 04 350  1.0 99.0 99.00 99.00 99.00 999 1015.6  11.2   9.9 999.0 99.0 99.00
2018 06 11 12 04 290  1.5 99.0 99.00 99.00 99.00 999 1015.6  11.0  10.0 999.0 99.0 99.00
2018 06 11 13 04 310  2.6 99.0 99.00 99.00 99.00 999 1015.2  11.1  10.1 999.0 99.0 99.00
2018 06 11 14 04 320  1.5 99.0 99.00 99.00 99.00 999 1015.2  11.4  10.1 999.0 99.0 99.00
2018 06 11 15 04 270  1.0 99.0 99.00 99.00 99.00 999 1015.4  11.6  10.0 999.0 99.0 99.00
2018 06 11 16 04 280  3.6 99.0 99.00 99.00 99.00 999 1015.2  11.5  10.1 999.0 99.0 99.00
2018 06 11 17 04 300  5.1 99.0 99.00 99.00 99.00 999 1014.9  10.9  10.2 999.0 99.0 99.00
2018 06 11 18 04 300  7.7 99.0 99.00 99.00 99.00 999 1014.8  11.1  10.2 999.0 99.0 99.00
2018 06 11 19 04 300  9.3 99.0 99.00 99.00 99.00 999 1014.8  11.1  10.4 999.0 99.0 99.00
2018 06 11 20 04 300  9.8 99.0 99.00 99.00 99.00 999 1014.1  11.2  10.4 999.0 99.0 99.00
2018 06 11 21 04 300  8.2 99.0 99.00 99.00 99.00 999 1013.5  11.1  10.1 999.0 99.0 99.00
2018 06 11 22 04 300 10.8 99.0 99.00 99.00 99.00 999 1012.4  11.3  10.0 999.0 99.0 99.00
2018 06 11 23 04 300 10.3 99.0 99.00 99.00 99.00 999 1011.7  11.2  10.0 999.0 99.0 99.00
2018 06 12 00 04 300 10.8 99.0 99.00 99.00 99.00 999 1011.1  11.4  10.0 999.0 99.0 99.00
2018 06 12 01 14 300  9.8 99.0 99.00 99.00 99.00 999 1010.3  11.7  10.0 999.0 99.0 99.00
2018 06 12 02 04 310  8.8 99.0 99.00 99.00 99.00 999 1010.0  11.7   9.9 999.0 99.0 99.00
2018 06 12 03 04 320  9.8 99.0 99.00 99.00 99.00 999 1010.2  11.7   9.9 999.0 99.0 99.00
2018 06 12 04 04 330  6.7 99.0 99.00 99.00 99.00 999 1010.3  11.4   9.9 999.0 99.0 99.00
2018 06 12 05 04 320  6.2 99.0 99.00 99.00 99.00 999 1011.1  11.5   9.8 999.0 99.0 99.00
2018 06 12 06 04 320  5.7 99.0 99.00 99.00 99.00 999 1011.2  11.2  10.2 999.0 99.0 99.00
2018 06 12 07 04 310  5.1 99.0 99.00 99.00 99.00 999 1011.0  11.2  10.3 999.0 99.0 99.00
2018 06 12 08 04 320  3.6 99.0 99.00 99.00 99.00 999 1011.1  11.0  10.3 999.0 99.0 99.00
2018 06 12 09 04 310  5.1 99.0 99.00 99.00 99.00 999 1010.7  11.1  10.2 999.0 99.0 99.00
2018 06 12 10 04 330  5.1 99.0 99.00 99.00 99.00 999 1010.6  11.1  10.2 999.0 99.0 99.00
2018 06 12 11 04 320  4.1 99.0 99.00 99.00 99.00 999 1010.4  11.2  10.2 999.0 99.0 99.00
2018 06 12 12 04 310  4.6 99.0 99.00 99.00 99.00 999 1010.2  11.0  10.2 999.0 99.0 99.00
2018 06 12 13 04 320  4.6 99.0 99.00 99.00 99.00 999 1010.3  10.9  10.1 999.0 99.0 99.00
2018 06 12 14 04 320  3.6 99.0 99.00 99.00 99.00 999 1010.9  10.8  10.1 999.0 99.0 99.00
2018 06 12 15 04 320  2.6 99.0 99.00 99.00 99.00 999 1011.4  10.9  10.2 999.0 99.0 99.00
2018 06 12 16 04 310  6.2 99.0 99.00 99.00 99.00 999 1011.6  10.3  10.6 999.0 99.0 99.00
2018 06 12 17 04 310  6.7 99.0 99.00 99.00 99.00 999 1011.4  10.3  10.7 999.0 99.0 99.00
2018 06 12 18 04 300  5.7 99.0 99.00 99.00 99.00 999 1011.8  10.4  10.8 999.0 99.0 99.00
2018 06 12 19 04 310  8.2 99.0 99.00 99.00 99.00 999 1011.9  10.7  10.6 999.0 99.0 99.00
2018 06 12 20 04 300  6.7 99.0 99.00 99.00 99.00 999 1011.8  11.3  10.2 999.0 99.0 99.00
2018 06 12 21 04 290  7.2 99.0 99.00 99.00 99.00 999 1011.7  11.1  10.3 999.0 99.0 99.00
2018 06 12 22 04 290  6.2 99.0 99.00 99.00 99.00 999 1011.5  11.2  10.5 999.0 99.0 99.00
2018 06 12 23 04 300  9.3 99.0 99.00 99.00 99.00 999 1010.3  11.3  10.4 999.0 99.0 99.00
2018 06 13 00 04 300  8.2 99.0 99.00 99.00 99.00 999 1009.7  11.9  10.4 999.0 99.0 99.00
2018 06 13 01 04 310  9.3 99.0 99.00 99.00 99.00 999 1009.2  12.3  10.3 999.0 99.0 99.00
2018 06 13 02 24 310  9.8 99.0 99.00 99.00 99.00 999 1008.9  12.2  10.7 999.0 99.0 99.00
2018 06 13 03 24 310  9.3 99.0 99.00 99.00 99.00 999 1009.2  12.2  10.7 999.0 99.0 99.00
2018 06 13 04 24 300  7.2 99.0 99.00 99.00 99.00 999 1009.5  12.2  10.7 999.0 99.0 99.00
2018 06 13 05 24 320  6.7 99.0 99.00 99.00 99.00 999 1010.2  12.2  10.4 999.0 99.0 99.00
2018 06 13 06 24 300  6.2 99.0 99.00 99.00 99.00 999 1010.3  12.2  10.4 999.0 99.0 99.00
2018 06 13 07 24 320  5.7 99.0 99.00 99.00 99.00 999 1010.3  12.1  10.5 999.0 99.0 99.00
2018 06 13 08 24 330  5.7 99.0 99.00 99.00 99.00 999 1010.1  11.7  10.6 999.0 99.0 99.00
2018 06 13 09 24 320  5.1 99.0 99.00 99.00 99.00 999 1010.0  11.7  10.8 999.0 99.0 99.00
2018 06 13 10 24 310  4.1 99.0 99.00 99.00 99.00 999 1009.9  11.7  10.8 999.0 99.0 99.00
2018 06 13 11 24  20  3.1 99.0 99.00 99.00 99.00 999 1009.9  11.6  10.8 999.0 99.0 99.00
2018 06 13 12 24 320  1.0 99.0 99.00 99.00 99.00 999 1010.3  10.8  10.9 999.0 99.0 99.00
2018 06 13 13 24 340  3.6 99.0 99.00 99.00 99.00 999 1010.8  11.1  10.9 999.0 99.0 99.00
2018 06 13 14 04 320  2.1 99.0 99.00 99.00 99.00 999 1011.0  11.2  11.0 999.0 99.0 99.00
2018 06 13 15 04 300  1.0 99.0 99.00 99.00 99.00 999 1011.4  11.1  11.0 999.0 99.0 99.00
2018 06 13 16 04 340  2.6 99.0 99.00 99.00 99.00 999 1011.6  11.2  11.1 999.0 99.0 99.00
2018 06 13 17 04 300  3.1 99.0 99.00 99.00 99.00 999 1011.8  11.3  11.2 999.0 99.0 99.00
2018 06 13 18 04 280  1.5 99.0 99.00 99.00 99.00 999 1011.9  11.9  11.7 999.0 99.0 99.00
2018 06 13 19 04 270  2.6 99.0 99.00 99.00 99.00 999 1011.4  12.0  12.3 999.0 99.0 99.00
2018 06 13 20 04 280  3.6 99.0 99.00 99.00 99.00 999 1011.3  12.5  13.2 999.0 99.0 99.00
2018 06 13 21 04 300  5.1 99.0 99.00 99.00 99.00 999 1010.9  12.9  12.3 999.0 99.0 99.00
2018 06 13 22 04 290  6.7 99.0 99.00 99.00 99.00 999 1010.5  13.0  12.1 999.0 99.0 99.00
2018 06 13 23 04 300  9.3 99.0 99.00 99.00 99.00 999 1009.8  12.8  11.5 999.0 99.0 99.00
2018 06 14 00 04 300 10.3 99.0 99.00 99.00 99.00 999 1009.2  12.6  10.8 999.0 99.0 99.00
2018 06 14 01 04 300 10.3 99.0 99.00 99.00 99.00 999 1008.9  12.5  10.8 999.0 99.0 99.00
2018 06 14 02 04 310 11.3 99.0 99.00 99.00 99.00 999 1008.9  12.4  10.8 999.0 99.0 99.00
2018 06 14 03 04 310 10.8 99.0 99.00 99.00 99.00 999 1009.1  12.3  10.7 999.0 99.0 99.00
2018 06 14 04 04 310  9.8 99.0 99.00 99.00 99.00 999 1009.5  12.4  10.6 999.0 99.0 99.00
2018 06 14 05 04 310  8.2 99.0 99.00 99.00 99.00 999 1010.1  12.3  10.6 999.0 99.0 99.00
2018 06 14 06 04 310  6.2 99.0 99.00 99.00 99.00 999 1010.1  12.2  10.5 999.0 99.0 99.00
2018 06 14 07 04 340  5.1 99.0 99.00 99.00 99.00 999 1010.5  12.1  10.7 999.0 99.0 99.00
2018 06 14 08 04 310  5.7 99.0 99.00 99.00 99.00 999 1010.5  12.1  10.7 999.0 99.0 99.00
2018 06 14 09 04 310  7.2 99.0 99.00 99.00 99.00 999 1010.3  12.2  10.8 999.0 99.0 99.00
2018 06 14 10 04 300  6.2 99.0 99.00 99.00 99.00 999 1010.2  11.9  10.7 999.0 99.0 99.00
2018 06 14 11 04 310  4.1 99.0 99.00 99.00 99.00 999 1010.5  11.8  10.7 999.0 99.0 99.00
2018 06 14 12 04 290  4.1 99.0 99.00 99.00 99.00 999 1010.5  11.6  10.7 999.0 99.0 99.00
2018 06 14 13 04 290  5.1 99.0 99.00 99.00 99.00 999 1010.6  11.8  10.8 999.0 99.0 99.00
2018 06 14 14 04 300  6.7 99.0 99.00 99.00 99.00 999 1010.8  11.8  10.8 999.0 99.0 99.00
2018 06 14 15 04 290  3.6 99.0 99.00 99.00 99.00 999 1011.5  11.7  10.8 999.0 99.0 99.00
2018 06 14 16 04 280  4.6 99.0 99.00 99.00 99.00 999 1011.5  12.1  11.0 999.0 99.0 99.00
2018 06 14 17 04 270  4.1 99.0 99.00 99.00 99.00 999 1011.6  12.0  11.2 999.0 99.0 99.00
2018 06 14 18 04 260  4.1 99.0 99.00 99.00 99.00 999 1011.8  12.1  11.2 999.0 99.0 99.00
2018 06 14 19 04 250  3.1 99.0 99.00 99.00 99.00 999 1012.1  12.2  11.6 999.0 99.0 99.00
2018 06 14 20 04 270  4.1 99.0 99.00 99.00 99.00 999 1011.8  12.7  12.5 999.0 99.0 99.00
2018 06 14 21 04 260  4.6 99.0 99.00 99.00 99.00 999 1011.6  13.0  13.3 999.0 99.0 99.00
2018 06 14 22 04 260  5.1 99.0 99.00 99.00 99.00 999 1011.5  13.4  13.5 999.0 99.0 99.00
2018 06 14 23 04 250  4.6 99.0 99.00 99.00 99.00 999 1010.9  13.4  13.6 999.0 99.0 99.00
2018 06 15 00 04 240  4.6 99.0 99.00 99.00 99.00 999 1010.6  13.6  13.9 999.0 99.0 99.00
2018 06 15 01 04 260  4.6 99.0 99.00 99.00 99.00 999 1009.8  13.5  13.8 999.0 99.0 99.00
2018 06 15 02 04 250  3.6 99.0 99.00 99.00 99.00 999 1009.5  13.4  13.6 999.0 99.0 99.00
2018 06 15 03 04 260  3.6 99.0 99.00 99.00 99.00 999 1009.5  13.0  13.4 999.0 99.0 99.00
2018 06 15 04 04 260  3.6 99.0 99.00 99.00 99.00 999 1009.6  12.7  12.9 999.0 99.0 99.00
2018 06 15 05 04 260  2.6 99.0 99.00 99.00 99.00 999 1009.8  12.3  11.7 999.0 99.0 99.00
2018 06 15 06 04 260  1.5 99.0 99.00 99.00 99.00 999 1009.7  12.0  11.4 999.0 99.0 99.00
2018 06 15 07 04 270  2.6 99.0 99.00 99.00 99.00 999 1009.5  11.9  11.3 999.0 99.0 99.00
2018 06 15 08 04 260  2.1 99.0 99.00 99.00 99.00 999 1009.3  11.7  11.2 999.0 99.0 99.00
2018 06 15 09 04 240  2.1 99.0 99.00 99.00 99.00 999 1009.3  11.7  11.1 999.0 99.0 99.00
2018 06 15 10 04 260  2.6 99.0 99.00 99.00 99.00 999 1008.9  11.7  11.1 999.0 99.0 99.00
2018 06 15 11 04 260  1.5 99.0 99.00 99.00 99.00 999 1008.6  11.8  11.2 999.0 99.0 99.00
2018 06 15 12 04 250  1.0 99.0 99.00 99.00 99.00 999 1008.6  11.8  11.3 999.0 99.0 99.00
2018 06 15 13 04 270  2.6 99.0 99.00 99.00 99.00 999 1008.9  12.0  13.1 999.0 99.0 99.00
2018 06 15 14 04 240  2.1 99.0 99.00 99.00 99.00 999 1009.2  12.0  13.2 999.0 99.0 99.00
2018 06 15 15 04 250  2.1 99.0 99.00 99.00 99.00 999 1009.7  12.0  13.0 999.0 99.0 99.00
2018 06 15 16 04 230  3.1 99.0 99.00 99.00 99.00 999 1010.0  12.2  12.4 999.0 99.0 99.00
2018 06 15 17 04 250  4.1 99.0 99.00 99.00 99.00 999 1010.2  12.0  12.7 999.0 99.0 99.00
2018 06 15 18 04 250  3.1 99.0 99.00 99.00 99.00 999 1010.4  12.0  12.1 999.0 99.0 99.00
2018 06 15 19 04 250  4.1 99.0 99.00 99.00 99.00 999 1010.7  12.1  12.2 999.0 99.0 99.00
2018 06 15 20 24 250  5.1 99.0 99.00 99.00 99.00 999 1010.5  12.2  11.9 999.0 99.0 99.00
2018 06 15 21 24 240  5.1 99.0 99.00 99.00 99.00 999 1010.3  12.5  11.8 999.0 99.0 99.00
2018 06 15 22 24 240  4.6 99.0 99.00 99.00 99.00 999 1009.8  12.7  11.9 999.0 99.0 99.00
2018 06 15 23 24 250  4.1 99.0 99.00 99.00 99.00 999 1009.5  13.0  12.0 999.0 99.0 99.00
2018 06 16 00 24 250  4.1 99.0 99.00 99.00 99.00 999 1009.1  13.0  12.2 999.0 99.0 99.00
2018 06 16 01 24 260  4.6 99.0 99.00 99.00 99.00 999 1008.8  13.2  12.3 999.0 99.0 99.00
2018 06 16 02 24 260  3.6 99.0 99.00 99.00 99.00 999 1008.6  13.1  12.2 999.0 99.0 99.00
2018 06 16 03 24 270  4.6 99.0 99.00 99.00 99.00 999 1008.4  12.8  11.8 999.0 99.0 99.00
2018 06 16 04 24 270  5.1 99.0 99.00 99.00 99.00 999 1008.2  12.8  11.8 999.0 99.0 99.00
2018 06 16 05 24 280  4.1 99.0 99.00 99.00 99.00 999 1008.5  12.8  11.7 999.0 99.0 99.00
2018 06 16 06 24 270  3.1 99.0 99.00 99.00 99.00 999 1008.2  12.7  11.6 999.0 99.0 99.00
2018 06 16 07 24 280  3.1 99.0 99.00 99.00 99.00 999 1007.8  12.6  11.7 999.0 99.0 99.00
2018 06 16 08 04 260  3.1 99.0 99.00 99.00 99.00 999 1007.6  12.5  11.7 999.0 99.0 99.00
2018 06 16 09 04 260  3.6 99.0 99.00 99.00 99.00 999 1007.3  12.6  12.0 999.0 99.0 99.00
2018 06 16 10 04 230  1.5 99.0 99.00 99.00 99.00 999 1007.1  12.5  11.7 999.0 99.0 99.00
2018 06 16 11 04 250  3.6 99.0 99.00 99.00 99.00 999 1007.3  12.9  12.4 999.0 99.0 99.00
2018 06 16 12 04 240  2.1 99.0 99.00 99.00 99.00 999 1007.5  12.8  12.4 999.0 99.0 99.00
2018 06 16 13 04 180  4.6 99.0 99.00 99.00 99.00 999 1007.6  12.4  12.3 999.0 99.0 99.00
2018 06 16 14 04 170  5.1 99.0 99.00 99.00 99.00 999 1007.6  12.0  12.3 999.0 99.0 99.00
2018 06 16 15 04 170  5.1 99.0 99.00 99.00 99.00 999 1007.8  12.0  12.2 999.0 99.0 99.00
2018 06 16 16 04 170  5.7 99.0 99.00 99.00 99.00 999 1008.4  12.2  12.0 999.0 99.0 99.00
2018 06 16 17 04 170  5.7 99.0 99.00 99.00 99.00 999 1008.7  12.2  12.1 999.0 99.0 99.00
2018 06 16 18 04 180  5.7 99.0 99.00 99.00 99.00 999 1008.9  12.4  11.9 999.0 99.0 99.00
2018 06 16 19 04 180  6.2 99.0 99.00 99.00 99.00 999 1008.8  12.3  11.6 999.0 99.0 99.00
2018 06 16 20 04 190  6.2 99.0 99.00 99.00 99.00 999 1008.6  12.5  11.7 999.0 99.0 99.00
2018 06 16 21 04 200  7.2 99.0 99.00 99.00 99.00 999 1008.5  12.5  11.9 999.0 99.0 99.00
2018 06 16 22 04 200  8.2 99.0 99.00 99.00 99.00 999 1008.5  12.6  12.0 999.0 99.0 99.00
2018 06 16 23 04 200  9.3 99.0 99.00 99.00 99.00 999 1008.4  12.4  11.5 999.0 99.0 99.00
2018 06 17 00 04 200  8.8 99.0 99.00 99.00 99.00 999 1008.3  12.4  11.2 999.0 99.0 99.00
2018 06 17 01 04 200  8.2 99.0 99.00 99.00 99.00 999 1008.1  12.4  11.3 999.0 99.0 99.00
2018 06 17 02 04 220  6.7 99.0 99.00 99.00 99.00 999 1008.6  12.6  11.4 999.0 99.0 99.00
2018 06 17 03 04 230  5.1 99.0 99.00 99.00 99.00 999 1009.4  12.4  11.8 999.0 99.0 99.00
2018 06 17 04 04 240  6.2 99.0 99.00 99.00 99.00 999 1009.2  12.6  11.6 999.0 99.0 99.00
2018 06 17 05 04 240  6.2 99.0 99.00 99.00 99.00 999 1009.4  12.8  11.8 999.0 99.0 99.00
2018 06 17 06 04 260  7.2 99.0 99.00 99.00 99.00 999 1009.7  12.8  11.5 999.0 99.0 99.00
2018 06 17 07 04 260  5.1 99.0 99.00 99.00 99.00 999 1009.8  12.8  11.6 999.0 99.0 99.00
2018 06 17 08 04 270  5.1 99.0 99.00 99.00 99.00 999 1010.2  12.9  11.7 999.0 99.0 99.00
2018 06 17 09 04 270  5.1 99.0 99.00 99.00 99.00 999 1010.5  13.1  11.7 999.0 99.0 99.00
2018 06 17 10 04 260  5.1 99.0 99.00 99.00 99.00 999 1010.6  13.2  11.7 999.0 99.0 99.00
2018 06 17 11 04 230  4.6 99.0 99.00 99.00 99.00 999 1010.7  13.0  11.7 999.0 99.0 99.00
2018 06 17 12 04 220  4.1 99.0 99.00 99.00 99.00 999 1010.9  12.8  11.8 999.0 99.0 99.00
2018 06 17 13 04 210  4.6 99.0 99.00 99.00 99.00 999 1011.4  12.7  11.8 999.0 99.0 99.00
2018 06 17 14 04 180  3.1 99.0 99.00 99.00 99.00 999 1012.0  12.5  11.8 999.0 99.0 99.00
2018 06 17 15 04 160  3.6 99.0 99.00 99.00 99.00 999 1012.7  12.1  11.9 999.0 99.0 99.00
2018 06 17 16 04 170  4.1 99.0 99.00 99.00 99.00 999 1013.2  12.3  11.9 999.0 99.0 99.00
2018 06 17 17 04 190  3.6 99.0 99.00 99.00 99.00 999 1013.4  12.3  12.0 999.0 99.0 99.00
2018 06 17 18 04 180  2.6 99.0 99.00 99.00 99.00 999 1014.0  12.6  12.1 999.0 99.0 99.00
2018 06 17 19 04 170  3.1 99.0 99.00 99.00 99.00 999 1014.3  12.6  12.3 999.0 99.0 99.00
2018 06 17 20 04 200  2.6 99.0 99.00 99.00 99.00 999 1014.5  13.0  12.3 999.0 99.0 99.00
2018 06 17 21 04 210  3.6 99.0 99.00 99.00 99.00 999 1014.7  12.8  12.6 999.0 99.0 99.00
2018 06 17 22 04 220  3.6 99.0 99.00 99.00 99.00 999 1014.8  13.2  12.7 999.0 99.0 99.00
2018 06 17 23 04 230  3.1 99.0 99.00 99.00 99.00 999 1014.9  13.5  12.7 999.0 99.0 99.00
2018 06 18 00 04 210  3.1 99.0 99.00 99.00 99.00 999 1014.7  13.6  13.0 999.0 99.0 99.00
2018 06 18 01 04 200  2.6 99.0 99.00 99.00 99.00 999 1014.5  13.8  13.5 999.0 99.0 99.00
2018 06 18 02 04 200  3.6 99.0 99.00 99.00 99.00 999 1014.7  13.9  14.1 999.0 99.0 99.00
2018 06 18 03 04 210  4.1 99.0 99.00 99.00 99.00 999 1014.6  13.9  13.7 999.0 99.0 99.00
2018 06 18 04 04 210  4.6 99.0 99.00 99.00 99.00 999 1015.3  13.6  13.7 999.0 99.0 99.00
2018 06 18 05 04 220  3.6 99.0 99.00 99.00 99.00 999 1016.0  13.9  13.8 999.0 99.0 99.00
2018 06 18 06 04 240  2.6 99.0 99.00 99.00 99.00 999 1016.8  14.0  13.4 999.0 99.0 99.00
2018 06 18 07 04 240  1.5 99.0 99.00 99.00 99.00 999 1016.9  13.9  13.2 999.0 99.0 99.00
2018 06 18 08 04 180  1.5 99.0 99.00 99.00 99.00 999 1016.8  13.6  13.2 999.0 99.0 99.00
2018 06 18 09 04  70  0.5 99.0 99.00 99.00 99.00 999 1016.6  13.4  13.0 999.0 99.0 99.00
2018 06 18 10 04  90  1.0 99.0 99.00 99.00 99.00 999 1016.5  13.2  13.0 999.0 99.0 99.00
2018 06 18 11 04  70  3.1 99.0 99.00 99.00 99.00 999 1016.2  12.9  12.8 999.0 99.0 99.00
2018 06 18 12 04  80  2.1 99.0 99.00 99.00 99.00 999 1016.3  12.7  12.7 999.0 99.0 99.00
2018 06 18 13 04  80  1.0 99.0 99.00 99.00 99.00 999 1016.5  12.7  12.8 999.0 99.0 99.00
2018 06 18 14 04  10  0.5 99.0 99.00 99.00 99.00 999 1017.1  13.3  12.8 999.0 99.0 99.00
2018 06 18 15 04 290  1.5 99.0 99.00 99.00 99.00 999 1017.8  13.8  12.7 999.0 99.0 99.00
2018 06 18 16 04 290  0.5 99.0 99.00 99.00 99.00 999 1018.2  14.2  12.5 999.0 99.0 99.00
2018 06 18 17 04 270  3.1 99.0 99.00 99.00 99.00 999 1018.3  14.2  13.2 999.0 99.0 99.00
2018 06 18 18 04 270  3.6 99.0 99.00 99.00 99.00 999 1018.5  13.9  13.1 999.0 99.0 99.00
2018 06 18 19 04 260  4.1 99.0 99.00 99.00 99.00 999 1018.5  14.0  13.3 999.0 99.0 99.00
2018 06 18 20 04 250  4.1 99.0 99.00 99.00 99.00 999 1018.5  14.0  13.6 999.0 99.0 99.00
2018 06 18 21 04 270  3.6 99.0 99.00 99.00 99.00 999 1018.1  14.3  13.2 999.0 99.0 99.00
2018 06 18 22 04 260  4.6 99.0 99.00 99.00 99.00 999 1017.9  13.9  13.3 999.0 99.0 99.00
2018 06 18 23 04 270  4.6 99.0 99.00 99.00 99.00 999 1017.3  14.0  13.3 999.0 99.0 99.00
2018 06 19 00 04 260  4.6 99.0 99.00 99.00 99.00 999 1017.2  13.7  13.2 999.0 99.0 99.00
2018 06 19 01 04 270  4.6 99.0 99.00 99.00 99.00 999 1016.8  13.3  13.1 999.0 99.0 99.00
2018 06 19 02 04 280  4.6 99.0 99.00 99.00 99.00 999 1016.9  13.0  13.1 999.0 99.0 99.00
2018 06 19 03 04 280  5.7 99.0 99.00 99.00 99.00 999 1017.0  12.8  12.9 999.0 99.0 99.00
2018 06 19 04 04 290  5.1 99.0 99.00 99.00 99.00 999 1017.3  12.5  13.0 999.0 99.0 99.00
2018 06 19 05 04 290  4.6 99.0 99.00 99.00 99.00 999 1017.3  12.2  12.8 999.0 99.0 99.00
2018 06 19 06 04 280  5.1 99.0 99.00 99.00 99.00 999 1017.5  12.2  12.6 999.0 99.0 99.00
2018 06 19 07 04 300  5.7 99.0 99.00 99.00 99.00 999 1017.3  12.2  12.5 999.0 99.0 99.00
2018 06 19 08 04 310  4.6 99.0 99.00 99.00 99.00 999 1017.0  12.2  12.3 999.0 99.0 99.00
2018 06 19 09 04 330  2.6 99.0 99.00 99.00 99.00 999 1016.7  12.1  12.3 999.0 99.0 99.00
2018 06 19 10 24 310  3.1 99.0 99.00 99.00 99.00 999 1016.9  11.7  12.5 999.0 99.0 99.00
2018 06 19 11 24 320  2.6 99.0 99.00 99.00 99.00 999 1016.9  11.8  12.6 999.0 99.0 99.00
2018 06 19 12 24 280  2.6 99.0 99.00 99.00 99.00 999 1016.9  11.5  12.8 999.0 99.0 99.00
2018 06 19 13 24 310  2.6 99.0 99.00 99.00 99.00 999 1017.2  11.4  12.6 999.0 99.0 99.00
2018 06 19 14 24 330  1.5 99.0 99.00 99.00 99.00 999 1017.8  11.5  12.6 999.0 99.0 99.00
2018 06 19 15 24 300  1.0 99.0 99.00 99.00 99.00 999 1018.5  11.7  12.6 999.0 99.0 99.00
2018 06 19 16 24 300  4.1 99.0 99.00 99.00 99.00 999 1018.6  11.9  12.6 999.0 99.0 99.00
2018 06 19 17 24  10  2.1 99.0 99.00 99.00 99.00 999 1018.6  12.0  12.6 999.0 99.0 99.00
2018 06 19 18 24 320  2.6 99.0 99.00 99.00 99.00 999 1017.7  12.2  12.8 999.0 99.0 99.00
2018 06 19 19 24 300  6.2 99.0 99.00 99.00 99.00 999 1017.6  12.6  13.0 999.0 99.0 99.00
2018 06 19 20 24 300  8.2 99.0 99.00 99.00 99.00 999 1016.8  12.6  13.0 999.0 99.0 99.00
2018 06 19 21 24 300 10.3 99.0 99.00 99.00 99.00 999 1016.3  12.8  12.6 999.0 99.0 99.00
2018 06 19 22 04 290  9.8 99.0 99.00 99.00 99.00 999 1016.1  12.8  12.7 999.0 99.0 99.00
2018 06 19 23 04 290  9.3 99.0 99.00 99.00 99.00 999 1016.2  12.8  12.6 999.0 99.0 99.00
2018 06 20 00 04 290  9.8 99.0 99.00 99.00 99.00 999 1015.5  12.7  12.5 999.0 99.0 99.00
2018 06 20 01 04 290  8.8 99.0 99.00 99.00 99.00 999 1015.6  12.8  12.4 999.0 99.0 99.00
2018 06 20 02 04 300  9.3 99.0 99.00 99.00 99.00 999 1015.6  12.7  12.5 999.0 99.0 99.00
2018 06 20 03 04 310 10.3 99.0 99.00 99.00 99.00 999 1015.6  12.6  12.2 999.0 99.0 99.00
2018 06 20 04 04 310  9.8 99.0 99.00 99.00 99.00 999 1015.8  12.5  12.2 999.0 99.0 99.00
2018 06 20 05 04 310  8.2 99.0 99.00 99.00 99.00 999 1016.4  12.6  12.1 999.0 99.0 99.00
2018 06 20 06 04 320  4.1 99.0 99.00 99.00 99.00 999 1016.4  12.7  12.1 999.0 99.0 99.00
2018 06 20 07 04 330  5.1 99.0 99.00 99.00 99.00 999 1016.2  12.7  12.2 999.0 99.0 99.00
2018 06 20 08 04 310  5.7 99.0 99.00 99.00 99.00 999 1015.9  12.2  12.1 999.0 99.0 99.00
2018 06 20 09 04 320  3.6 99.0 99.00 99.00 99.00 999 1015.6  12.1  12.1 999.0 99.0 99.00
2018 06 20 10 04 310  7.7 99.0 99.00 99.00 99.00 999 1015.5  11.6  12.0 999.0 99.0 99.00
2018 06 20 11 04 310  8.8 99.0 99.00 99.00 99.00 999 1015.4  11.7  11.9 999.0 99.0 99.00
2018 06 20 12 04 300  8.8 99.0 99.00 99.00 99.00 999 1015.5  11.6  11.9 999.0 99.0 99.00
2018 06 20 13 04 350  5.7 99.0 99.00 99.00 99.00 999 1015.7  11.6  11.9 999.0 99.0 99.00
2018 06 20 14 04  10  4.1 99.0 99.00 99.00 99.00 999 1016.2  11.4  12.0 999.0 99.0 99.00
2018 06 20 15 04  30  4.1 99.0 99.00 99.00 99.00 999 1016.9  11.6  12.2 999.0 99.0 99.00
2018 06 20 16 04 300  4.6 99.0 99.00 99.00 99.00 999 1017.4  11.5  12.3 999.0 99.0 99.00
2018 06 20 17 04 320  6.7 99.0 99.00 99.00 99.00 999 1017.7  12.0  12.3 999.0 99.0 99.00
2018 06 20 18 04 310  8.2 99.0 99.00 99.00 99.00 999 1017.6  12.1  12.3 999.0 99.0 99.00
2018 06 20 19 04 290  8.8 99.0 99.00 99.00 99.00 999 1016.7  12.3  12.7 999.0 99.0 99.00
2018 06 20 20 04 300  8.2 99.0 99.00 99.00 99.00 999 1016.7  12.2  12.7 999.0 99.0 99.00
2018 06 20 21 04 300  9.8 99.0 99.00 99.00 99.00 999 1016.1  12.4  12.5 999.0 99.0 99.00
2018 06 20 22 04 300 10.8 99.0 99.00 99.00 99.00 999 1015.8  12.6  12.3 999.0 99.0 99.00
2018 06 20 23 04 300  9.8 99.0 99.00 99.00 99.00 999 1015.3  12.7  12.1 999.0 99.0 99.00
2018 06 21 00 04 300 11.8 99.0 99.00 99.00 99.00 999 1014.5  12.8  12.1 999.0 99.0 99.00
2018 06 21 01 04 300 12.4 99.0 99.00 99.00 99.00 999 1014.2  12.6  12.0 999.0 99.0 99.00
2018 06 21 02 04 310 11.8 99.0 99.00 99.00 99.00 999 1014.4  12.6  12.0 999.0 99.0 99.00
2018 06 21 03 04 310 10.8 99.0 99.00 99.00 99.00 999 1014.8  12.4  11.8 999.0 99.0 99.00
2018 06 21 04 04 310  9.8 99.0 99.00 99.00 99.00 999 1015.0  12.3  11.9 999.0 99.0 99.00
2018 06 21 05 04 320  8.8 99.0 99.00 99.00 99.00 999 1015.4  12.2  11.8 999.0 99.0 99.00
2018 06 21 06 04 320  7.2 99.0 99.00 99.00 99.00 999 1015.8  12.1  11.7 999.0 99.0 99.00
2018 06 21 07 04 310  8.8 99.0 99.00 99.00 99.00 999 1015.7  12.1  11.7 999.0 99.0 99.00
2018 06 21 08 04 320  7.2 99.0 99.00 99.00 99.00 999 1015.8  12.0  11.7 999.0 99.0 99.00
2018 06 21 09 04 320  8.2 99.0 99.00 99.00 99.00 999 1015.7  11.9  11.6 999.0 99.0 99.00
2018 06 21 10 04 310  9.3 99.0 99.00 99.00 99.00 999 1015.4  11.8  11.5 999.0 99.0 99.00
2018 06 21 11 04 310  7.7 99.0 99.00 99.00 99.00 999 1015.4  11.8  11.6 999.0 99.0 99.00
2018 06 21 12 04 320  5.7 99.0 99.00 99.00 99.00 999 1015.7  11.8  11.6 999.0 99.0 99.00
2018 06 21 13 04 320  7.7 99.0 99.00 99.00 99.00 999 1015.9  11.6  11.6 999.0 99.0 99.00
2018 06 21 14 04 320  6.2 99.0 99.00 99.00 99.00 999 1016.4  11.6  11.5 999.0 99.0 99.00
2018 06 21 15 04 320  6.7 99.0 99.00 99.00 99.00 999 1016.7  11.7  11.6 999.0 99.0 99.00
2018 06 21 16 04 310  8.2 99.0 99.00 99.00 99.00 999 1017.0  11.7  11.6 999.0 99.0 99.00
2018 06 21 17 04 310  7.7 99.0 99.00 99.00 99.00 999 1016.8  11.7  11.7 999.0 99.0 99.00
2018 06 21 18 04 310  7.2 99.0 99.00 99.00 99.00 999 1016.9  11.9  11.9 999.0 99.0 99.00
2018 06 21 19 04 300  8.8 99.0 99.00 99.00 99.00 999 1016.8  11.8  11.9 999.0 99.0 99.00
2018 06 21 20 04 300  8.8 99.0 99.00 99.00 99.00 999 1016.6  12.0  11.9 999.0 99.0 99.00
2018 06 21 21 04 300  7.7 99.0 99.00 99.00 99.00 999 1016.0  12.4  12.0 999.0 99.0 99.00
2018 06 21 22 04 300  8.2 99.0 99.00 99.00 99.00 999 1015.6  12.7  12.0 999.0 99.0 99.00
2018 06 21 23 04 300  8.2 99.0 99.00 99.00 99.00 999 1015.0  12.8  12.1 999.0 99.0 99.00
2018 06 22 00 04 290  7.7 99.0 99.00 99.00 99.00 999 1014.8  12.8  12.1 999.0 99.0 99.00
2018 06 22 01 04 300  8.2 99.0 99.00 99.00 99.00 999 1014.2  12.9  12.1 999.0 99.0 99.00
2018 06 22 02 04 300  9.8 99.0 99.00 99.00 99.00 999 1013.9  13.0  12.0 999.0 99.0 99.00
2018 06 22 03 04 310  7.7 99.0 99.00 99.00 99.00 999 1014.0  13.1  12.0 999.0 99.0 99.00
2018 06 22 04 04 320  9.3 99.0 99.00 99.00 99.00 999 1014.1  12.8  12.0 999.0 99.0 99.00
2018 06 22 05 04 320  8.2 99.0 99.00 99.00 99.00 999 1014.6  12.6  12.0 999.0 99.0 99.00
2018 06 22 06 04 310  8.8 99.0 99.00 99.00 99.00 999 1014.9  12.4  11.9 999.0 99.0 99.00
2018 06 22 07 04 300  7.2 99.0 99.00 99.00 99.00 999 1014.7  12.4  11.9 999.0 99.0 99.00
2018 06 22 08 04 300  8.8 99.0 99.00 99.00 99.00 999 1014.4  12.4  11.8 999.0 99.0 99.00
2018 06 22 09 04 320  6.2 99.0 99.00 99.00 99.00 999 1014.6  12.3  11.8 999.0 99.0 99.00
2018 06 22 10 04 320  6.2 99.0 99.00 99.00 99.00 999 1014.5  12.2  11.9 999.0 99.0 99.00
2018 06 22 11 04 330  5.1 99.0 99.00 99.00 99.00 999 1014.3  12.0  12.0 999.0 99.0 99.00
2018 06 22 12 04 340  2.6 99.0 99.00 99.00 99.00 999 1014.4  11.5  12.0 999.0 99.0 99.00
2018 06 22 13 04 330  3.1 99.0 99.00 99.00 99.00 999 1014.9  11.5  12.0 999.0 99.0 99.00
2018 06 22 14 24 360  4.1 99.0 99.00 99.00 99.00 999 1015.3  11.2  12.1 999.0 99.0 99.00
2018 06 22 15 24 330  3.6 99.0 99.00 99.00 99.00 999 1015.7  11.4  12.1 999.0 99.0 99.00
2018 06 22 16 24 350  2.1 99.0 99.00 99.00 99.00 999 1015.7  11.2  12.1 999.0 99.0 99.00
2018 06 22 17 24 300  2.6 99.0 99.00 99.00 99.00 999 1015.8  11.4  12.4 999.0 99.0 99.00
2018 06 22 18 24 290  5.7 99.0 99.00 99.00 99.00 999 1015.4  12.4  12.5 999.0 99.0 99.00
2018 06 22 19 24 290  5.7 99.0 99.00 99.00 99.00 999 1014.2  12.8  12.6 999.0 99.0 99.00
2018 06 22 20 24 290  5.7 99.0 99.00 99.00 99.00 999 1013.6  13.0  12.6 999.0 99.0 99.00
2018 06 22 21 24 280  6.2 99.0 99.00 99.00 99.00 999 1013.0  13.1  12.8 999.0 99.0 99.00
2018 06 22 22 24 280  6.2 99.0 99.00 99.00 99.00 999 1012.3  13.1  12.7 999.0 99.0 99.00
2018 06 22 23 24 300  6.7 99.0 99.00 99.00 99.00 999 1011.6  13.2  12.5 999.0 99.0 99.00
2018 06 23 00 24 290  6.7 99.0 99.00 99.00 99.00 999 1010.8  13.3  12.3 999.0 99.0 99.00
2018 06 23 01 24 290  8.8 99.0 99.00 99.00 99.00 999 1010.1  13.3  12.3 999.0 99.0 99.00
2018 06 23 02 04 300  9.3 99.0 99.00 99.00 99.00 999 1009.8  13.3  12.2 999.0 99.0 99.00
2018 06 23 03 04 310  9.3 99.0 99.00 99.00 99.00 999 1009.7  13.2  12.1 999.0 99.0 99.00
2018 06 23 04 04 320  6.7 99.0 99.00 99.00 99.00 999 1009.9  13.0  12.0 999.0 99.0 99.00
2018 06 23 05 04 310  7.2 99.0 99.00 99.00 99.00 999 1010.2  12.8  12.1 999.0 99.0 99.00
2018 06 23 06 04 310  6.2 99.0 99.00 99.00 99.00 999 1010.1  12.9  12.2 999.0 99.0 99.00
2018 06 23 07 04 300  5.7 99.0 99.00 99.00 99.00 999 1009.8  12.6  12.2 999.0 99.0 99.00
2018 06 23 08 04 330  4.6 99.0 99.00 99.00 99.00 999 1009.6  12.7  12.2 999.0 99.0 99.00
2018 06 23 09 04 320  4.1 99.0 99.00 99.00 99.00 999 1009.4  12.3  12.2 999.0 99.0 99.00
2018 06 23 10 24 310  3.6 99.0 99.00 99.00 99.00 999 1008.9  12.4  12.2 999.0 99.0 99.00
2018 06 23 11 24 320  3.1 99.0 99.00 99.00 99.00 999 1008.7  12.3  12.2 999.0 99.0 99.00
2018 06 23 12 24  10  3.1 99.0 99.00 99.00 99.00 999 1008.6  11.5  12.1 999.0 99.0 99.00
2018 06 23 13 24 350  3.6 99.0 99.00 99.00 99.00 999 1009.4  11.8  12.1 999.0 99.0 99.00
2018 06 23 14 24  20  2.6 99.0 99.00 99.00 99.00 999 1009.4  11.2  12.0 999.0 99.0 99.00
2018 06 23 15 24 330  1.5 99.0 99.00 99.00 99.00 999 1009.8  11.1  12.1 999.0 99.0 99.00
2018 06 23 16 24 320  2.6 99.0 99.00 99.00 99.00 999 1010.4  11.6  12.4 999.0 99.0 99.00
2018 06 23 17 24 300  3.6 99.0 99.00 99.00 99.00 999 1010.2  12.0  12.6 999.0 99.0 99.00
2018 06 23 18 24 290  5.1 99.0 99.00 99.00 99.00 999 1009.4  13.0  12.5 999.0 99.0 99.00
2018 06 23 19 24 280  6.2 99.0 99.00 99.00 99.00 999 1009.3  13.1  12.6 999.0 99.0 99.00
2018 06 23 20 24 260  4.6 99.0 99.00 99.00 99.00 999 1009.4  13.4  12.7 999.0 99.0 99.00
2018 06 23 21 24 250  5.7 99.0 99.00 99.00 99.00 999 1009.3  13.5  12.9 999.0 99.0 99.00
2018 06 23 22 04 230  5.1 99.0 99.00 99.00 99.00 999 1009.5  13.5  13.1 999.0 99.0 99.00
2018 06 23 23 04 220  5.7 99.0 99.00 99.00 99.00 999 1009.3  13.7  12.9 999.0 99.0 99.00
2018 06 24 00 04 220  6.2 99.0 99.00 99.00 99.00 999 1009.4  13.8  12.9 999.0 99.0 99.00
2018 06 24 01 04 200  6.7 99.0 99.00 99.00 99.00 999 1009.3  13.2  12.9 999.0 99.0 99.00
2018 06 24 02 04 200  5.7 99.0 99.00 99.00 99.00 999 1009.3  13.0  12.8 999.0 99.0 99.00
2018 06 24 03 04 200  4.6 99.0 99.00 99.00 99.00 999 1009.5  13.3  12.8 999.0 99.0 99.00
2018 06 24 04 04 200  5.1 99.0 99.00 99.00 99.00 999 1009.6  13.1  12.6 999.0 99.0 99.00
2018 06 24 05 04 220  2.6 99.0 99.00 99.00 99.00 999 1010.1  13.4  12.6 999.0 99.0 99.00
2018 06 24 06 04 280  2.6 99.0 99.00 99.00 99.00 999 1010.3  13.4  12.9 999.0 99.0 99.00
2018 06 24 07 04 270  1.5 99.0 99.00 99.00 99.00 999 1010.2  13.3  13.0 999.0 99.0 99.00
2018 06 24 08 04 220  2.1 99.0 99.00 99.00 99.00 999 1010.2  13.3  12.8 999.0 99.0 99.00
2018 06 24 09 04 160  2.1 99.0 99.00 99.00 99.00 999 1009.9  13.1  12.9 999.0 99.0 99.00
2018 06 24 10 04 110  2.6 99.0 99.00 99.00 99.00 999 1010.2  12.9  12.9 999.0 99.0 99.00
2018 06 24 11 04 120  2.6 99.0 99.00 99.00 99.00 999 1010.2  13.2  12.8 999.0 99.0 99.00
2018 06 24 12 04  90  1.5 99.0 99.00 99.00 99.00 999 1010.4  13.3  13.0 999.0 99.0 99.00
2018 06 24 13 04 130  2.1 99.0 99.00 99.00 99.00 999 1010.7  13.3  13.1 999.0 99.0 99.00
2018 06 24 14 04   0  0.0 99.0 99.00 99.00 99.00 999 1011.3  13.3  13.1 999.0 99.0 99.00
2018 06 24 15 04  30  2.1 99.0 99.00 99.00 99.00 999 1011.7  13.3  13.0 999.0 99.0 99.00
2018 06 24 16 04  70  2.1 99.0 99.00 99.00 99.00 999 1012.5  13.4  13.1 999.0 99.0 99.00
2018 06 24 17 04   0  0.0 99.0 99.00 99.00 99.00 999 1013.2  13.4  13.1 999.0 99.0 99.00
2018 06 24 18 04 190  3.1 99.0 99.00 99.00 99.00 999 1013.9  13.4  13.1 999.0 99.0 99.00
2018 06 24 19 04 250  2.6 99.0 99.00 99.00 99.00 999 1014.5  13.6  13.0 999.0 99.0 99.00
2018 06 24 20 04 260  4.1 99.0 99.00 99.00 99.00 999 1014.9  14.2  12.9 999.0 99.0 99.00
2018 06 24 21 04 290  5.1 99.0 99.00 99.00 99.00 999 1013.7  14.3  12.7 999.0 99.0 99.00
2018 06 24 22 04 300  4.6 99.0 99.00 99.00 99.00 999 1013.6  14.7  13.1 999.0 99.0 99.00
2018 06 24 23 04 280  5.7 99.0 99.00 99.00 99.00 999 1013.6  14.9  12.9 999.0 99.0 99.00
2018 06 25 00 04 280  4.6 99.0 99.00 99.00 99.00 999 1013.8  15.0  12.4 999.0 99.0 99.00
2018 06 25 01 04 270  3.6 99.0 99.00 99.00 99.00 999 1013.5  14.8  12.3 999.0 99.0 99.00
2018 06 25 02 04 320  3.6 99.0 99.00 99.00 99.00 999 1013.5  14.4  12.3 999.0 99.0 99.00
2018 06 25 03 04 310  3.6 99.0 99.00 99.00 99.00 999 1013.3  14.8  12.3 999.0 99.0 99.00
2018 06 25 04 04 300  2.1 99.0 99.00 99.00 99.00 999 1013.4  14.9  12.0 999.0 99.0 99.00
2018 06 25 05 04 360  1.0 99.0 99.00 99.00 99.00 999 1014.0  14.7  12.0 999.0 99.0 99.00
2018 06 25 06 04 230  1.0 99.0 99.00 99.00 99.00 999 1014.2  15.1  12.0 999.0 99.0 99.00
2018 06 25 07 04 290  2.1 99.0 99.00 99.00 99.00 999 1014.3  14.9  12.1 999.0 99.0 99.00
2018 06 25 08 04 320  3.1 99.0 99.00 99.00 99.00 999 1014.4  14.4  12.6 999.0 99.0 99.00
2018 06 25 09 04 290  1.0 99.0 99.00 99.00 99.00 999 1014.4  14.1  12.8 999.0 99.0 99.00
2018 06 25 10 04 270  1.5 99.0 99.00 99.00 99.00 999 1014.1  14.3  12.6 999.0 99.0 99.00
2018 06 25 11 04 300  1.0 99.0 99.00 99.00 99.00 999 1013.8  14.1  12.5 999.0 99.0 99.00
2018 06 25 12 04 270  1.0 99.0 99.00 99.00 99.00 999 1014.1  14.3  12.5 999.0 99.0 99.00
2018 06 25 13 04 280  2.6 99.0 99.00 99.00 99.00 999 1014.5  13.3  12.2 999.0 99.0 99.00
2018 06 25 14 04 280  3.1 99.0 99.00 99.00 99.00 999 1015.2  13.3  12.1 999.0 99.0 99.00
2018 06 25 15 04 280  2.6 99.0 99.00 99.00 99.00 999 1015.9  13.1  12.3 999.0 99.0 99.00
2018 06 25 16 04 260  2.1 99.0 99.00 99.00 99.00 999 1016.5  13.3  12.3 999.0 99.0 99.00
2018 06 25 17 04 240  1.5 99.0 99.00 99.00 99.00 999 1016.6  13.0  12.3 999.0 99.0 99.00
2018 06 25 18 04 300  4.6 99.0 99.00 99.00 99.00 999 1016.6  13.0  12.3 999.0 99.0 99.00
2018 06 25 19 04 280  3.1 99.0 99.00 99.00 99.00 999 1016.8  13.1  12.5 999.0 99.0 99.00
2018 06 25 20 04 260  2.1 99.0 99.00 99.00 99.00 999 1016.8  13.3  12.6 999.0 99.0 99.00
2018 06 25 21 04 240  2.6 99.0 99.00 99.00 99.00 999 1016.7  13.6  13.2 999.0 99.0 99.00
2018 06 25 22 04 240  3.1 99.0 99.00 99.00 99.00 999 1016.4  14.1  13.6 999.0 99.0 99.00
2018 06 25 23 04 240  4.1 99.0 99.00 99.00 99.00 999 1016.2  14.4  13.7 999.0 99.0 99.00
2018 06 26 01 04 260  3.1 99.0 99.00 99.00 99.00 999 1015.0  13.9  13.6 999.0 99.0 99.00
2018 06 26 02 04 270  3.6 99.0 99.00 99.00 99.00 999 1014.9  13.3  13.3 999.0 99.0 99.00
2018 06 26 03 14 260  4.6 99.0 99.00 99.00 99.00 999 1014.8  13.4  13.2 999.0 99.0 99.00
2018 06 26 04 04 290  4.1 99.0 99.00 99.00 99.00 999 1014.7  13.3  13.0 999.0 99.0 99.00
2018 06 26 05 04 270  2.6 99.0 99.00 99.00 99.00 999 1014.9  13.2  13.0 999.0 99.0 99.00
2018 06 26 06 04 290  3.6 99.0 99.00 99.00 99.00 999 1014.6  13.2  13.0 999.0 99.0 99.00
2018 06 26 07 04 280  4.6 99.0 99.00 99.00 99.00 999 1014.2  13.5  12.9 999.0 99.0 99.00
2018 06 26 08 04 330  4.1 99.0 99.00 99.00 99.00 999 1014.2  13.0  13.0 999.0 99.0 99.00
2018 06 26 09 04 310  2.1 99.0 99.00 99.00 99.00 999 1014.3  12.6  13.1 999.0 99.0 99.00
2018 06 26 10 04 330  1.5 99.0 99.00 99.00 99.00 999 1014.3  12.2  13.0 999.0 99.0 99.00
2018 06 26 11 04 320  3.6 99.0 99.00 99.00 99.00 999 1014.3  12.7  13.0 999.0 99.0 99.00
2018 06 26 12 04 340  2.6 99.0 99.00 99.00 99.00 999 1014.4  12.3  13.0 999.0 99.0 99.00
2018 06 26 13 04 300  3.1 99.0 99.00 99.00 99.00 999 1014.7  12.1  12.9 999.0 99.0 99.00
2018 06 26 14 04 310  1.5 99.0 99.00 99.00 99.00 999 1014.9  12.2  12.9 999.0 99.0 99.00
2018 06 26 15 04 330  3.1 99.0 99.00 99.00 99.00 999 1015.3  12.1  13.0 999.0 99.0 99.00
2018 06 26 16 04 360  2.1 99.0 99.00 99.00 99.00 999 1015.8  12.2  13.1 999.0 99.0 99.00
2018 06 26 17 04 290  2.6 99.0 99.00 99.00 99.00 999 1016.0  12.8  13.2 999.0 99.0 99.00
2018 06 26 18 04 270  2.1 99.0 99.00 99.00 99.00 999 1016.2  12.9  13.2 999.0 99.0 99.00
2018 06 26 19 04 260  4.1 99.0 99.00 99.00 99.00 999 1016.2  13.3  13.6 999.0 99.0 99.00
2018 06 26 20 04 260  5.1 99.0 99.00 99.00 99.00 999 1016.2  13.5  13.8 999.0 99.0 99.00
2018 06 26 21 04 260  5.1 99.0 99.00 99.00 99.00 999 1016.2  13.7  14.0 999.0 99.0 99.00
2018 06 26 22 04 260  4.6 99.0 99.00 99.00 99.00 999 1016.1  13.7  14.2 999.0 99.0 99.00
2018 06 26 23 04 260  4.6 99.0 99.00 99.00 99.00 999 1015.8  13.9  14.3 999.0 99.0 99.00
2018 06 27 00 04 270  5.7 99.0 99.00 99.00 99.00 999 1015.6  13.6  14.1 999.0 99.0 99.00
2018 06 27 01 04 270  3.6 99.0 99.00 99.00 99.00 999 1015.0  13.9  14.1 999.0 99.0 99.00
2018 06 27 02 04 250  4.1 99.0 99.00 99.00 99.00 999 1014.8  14.0  14.0 999.0 99.0 99.00
2018 06 27 03 04 260  4.1 99.0 99.00 99.00 99.00 999 1014.5  14.0  14.1 999.0 99.0 99.00
2018 06 27 04 04 270  4.6 99.0 99.00 99.00 99.00 999 1014.2  13.7  13.8 999.0 99.0 99.00
2018 06 27 05 04 270  5.7 99.0 99.00 99.00 99.00 999 1014.7  13.6  13.7 999.0 99.0 99.00
2018 06 27 06 04 280  4.6 99.0 99.00 99.00 99.00 999 1014.9  13.6  13.7 999.0 99.0 99.00
2018 06 27 07 04 270  4.6 99.0 99.00 99.00 99.00 999 1014.7  13.4  13.6 999.0 99.0 99.00
2018 06 27 08 04 280  4.1 99.0 99.00 99.00 99.00 999 1014.7  13.3  13.6 999.0 99.0 99.00
2018 06 27 09 04 290  3.6 99.0 99.00 99.00 99.00 999 1014.7  13.1  13.5 999.0 99.0 99.00
2018 06 27 10 04 320  3.1 99.0 99.00 99.00 99.00 999 1014.4  13.1  13.4 999.0 99.0 99.00
2018 06 27 11 04 260  3.6 99.0 99.00 99.00 99.00 999 1014.3  13.0  13.3 999.0 99.0 99.00
2018 06 27 12 04 260  3.1 99.0 99.00 99.00 99.00 999 1014.5  13.0  13.4 999.0 99.0 99.00
2018 06 27 16 04 340  1.5 99.0 99.00 99.00 99.00 999 1015.5  13.0  13.5 999.0 99.0 99.00
2018 06 27 17 04 300  2.1 99.0 99.00 99.00 99.00 999 1015.7  13.0  13.6 999.0 99.0 99.00
2018 06 27 18 04 280  2.1 99.0 99.00 99.00 99.00 999 1016.0  13.2  13.6 999.0 99.0 99.00
2018 06 27 19 04 240  2.6 99.0 99.00 99.00 99.00 999 1016.2  13.1  13.7 999.0 99.0 99.00
2018 06 27 20 04 250  4.1 99.0 99.00 99.00 99.00 999 1016.2  13.3  13.8 999.0 99.0 99.00
2018 06 27 21 04 260  4.1 99.0 99.00 99.00 99.00 999 1016.0  13.2  13.8 999.0 99.0 99.00
2018 06 27 22 04 250  4.6 99.0 99.00 99.00 99.00 999 1015.9  13.4  13.7 999.0 99.0 99.00
2018 06 27 23 04 250  4.6 99.0 99.00 99.00 99.00 999 1015.7  13.4  13.6 999.0 99.0 99.00
2018 06 28 00 04 260  4.1 99.0 99.00 99.00 99.00 999 1015.4  13.5  13.6 999.0 99.0 99.00
2018 06 28 01 04 260  5.7 99.0 99.00 99.00 99.00 999 1015.0  13.7  13.7 999.0 99.0 99.00
2018 06 28 02 04 290  5.7 99.0 99.00 99.00 99.00 999 1015.0  13.4  13.4 999.0 99.0 99.00
2018 06 28 03 04 300  7.2 99.0 99.00 99.00 99.00 999 1015.0  13.0  13.2 999.0 99.0 99.00
2018 06 28 04 04 290  7.2 99.0 99.00 99.00 99.00 999 1014.9  13.1  13.1 999.0 99.0 99.00
2018 06 28 05 04 300  6.7 99.0 99.00 99.00 99.00 999 1015.1  13.4  13.2 999.0 99.0 99.00
2018 06 28 06 04 310  5.7 99.0 99.00 99.00 99.00 999 1015.2  13.5  13.1 999.0 99.0 99.00
2018 06 28 07 04 280  3.6 99.0 99.00 99.00 99.00 999 1015.2  13.5  13.0 999.0 99.0 99.00
2018 06 28 08 04 280  3.6 99.0 99.00 99.00 99.00 999 1015.1  13.6  13.3 999.0 99.0 99.00
2018 06 28 09 04 280  4.1 99.0 99.00 99.00 99.00 999 1014.9  13.6  13.2 999.0 99.0 99.00
2018 06 28 10 04 260  2.1 99.0 99.00 99.00 99.00 999 1014.6  13.3  13.2 999.0 99.0 99.00
2018 06 28 11 04 290  3.1 99.0 99.00 99.00 99.00 999 1014.7  13.3  13.2 999.0 99.0 99.00
2018 06 28 12 24 290  2.6 99.0 99.00 99.00 99.00 999 1014.9  13.2  13.1 999.0 99.0 99.00
2018 06 28 13 24 290  3.6 99.0 99.00 99.00 99.00 999 1015.3  13.0  12.9 999.0 99.0 99.00
2018 06 28 14 04 300  3.6 99.0 99.00 99.00 99.00 999 1015.5  13.0  13.0 999.0 99.0 99.00
2018 06 28 15 04 300  4.6 99.0 99.00 99.00 99.00 999 1016.0  13.2  13.0 999.0 99.0 99.00
2018 06 28 16 04 300  5.7 99.0 99.00 99.00 99.00 999 1016.0  13.2  13.0 999.0 99.0 99.00
2018 06 28 17 04 290  5.7 99.0 99.00 99.00 99.00 999 1016.2  13.3  13.1 999.0 99.0 99.00
2018 06 28 18 04 290  6.7 99.0 99.00 99.00 99.00 999 1016.1  13.4  13.1 999.0 99.0 99.00
2018 06 28 19 04 280  8.8 99.0 99.00 99.00 99.00 999 1016.1  13.4  13.2 999.0 99.0 99.00
2018 06 28 20 04 280  9.8 99.0 99.00 99.00 99.00 999 1015.7  13.4  13.3 999.0 99.0 99.00
2018 06 28 21 04 280  9.8 99.0 99.00 99.00 99.00 999 1015.2  13.6  13.3 999.0 99.0 99.00
2018 06 28 22 04 290 11.8 99.0 99.00 99.00 99.00 999 1014.6  13.8  13.3 999.0 99.0 99.00
2018 06 28 23 04 290 11.3 99.0 99.00 99.00 99.00 999 1014.2  13.8  13.1 999.0 99.0 99.00
2018 06 29 00 04 290 11.3 99.0 99.00 99.00 99.00 999 1014.0  13.9  13.1 999.0 99.0 99.00
2018 06 29 01 04 300 10.8 99.0 99.00 99.00 99.00 999 1013.6  13.7  13.0 999.0 99.0 99.00
2018 06 29 02 04 300 10.8 99.0 99.00 99.00 99.00 999 1013.4  13.7  12.9 999.0 99.0 99.00
2018 06 29 03 04 300 10.3 99.0 99.00 99.00 99.00 999 1013.5  13.5  12.6 999.0 99.0 99.00
2018 06 29 04 04 300  9.3 99.0 99.00 99.00 99.00 999 1013.7  13.3  12.4 999.0 99.0 99.00
2018 06 29 05 04 300  8.2 99.0 99.00 99.00 99.00 999 1014.1  13.2  12.6 999.0 99.0 99.00
2018 06 29 06 04 300  7.2 99.0 99.00 99.00 99.00 999 1013.9  13.1  12.6 999.0 99.0 99.00
2018 06 29 07 04 320  6.7 99.0 99.00 99.00 99.00 999 1014.0  12.9  12.5 999.0 99.0 99.00
2018 06 29 08 04 310  5.7 99.0 99.00 99.00 99.00 999 1013.8  12.9  12.5 999.0 99.0 99.00
2018 06 29 09 04 320  6.7 99.0 99.00 99.00 99.00 999 1013.4  12.8  12.8 999.0 99.0 99.00
2018 06 29 10 04 300  6.2 99.0 99.00 99.00 99.00 999 1013.4  12.8  12.7 999.0 99.0 99.00
2018 06 29 11 04 310  4.6 99.0 99.00 99.00 99.00 999 1013.5  12.6  12.7 999.0 99.0 99.00
2018 06 29 12 04 300  3.1 99.0 99.00 99.00 99.00 999 1013.6  12.7  12.5 999.0 99.0 99.00
2018 06 29 13 04 340  2.1 99.0 99.00 99.00 99.00 999 1013.6  12.5  12.5 999.0 99.0 99.00
2018 06 29 14 04 320  2.1 99.0 99.00 99.00 99.00 999 1013.8  12.4  12.6 999.0 99.0 99.00
2018 06 29 15 04 300  1.0 99.0 99.00 99.00 99.00 999 1014.2  12.4  12.6 999.0 99.0 99.00
2018 06 29 16 04 320  1.0 99.0 99.00 99.00 99.00 999 1014.2  12.6  12.8 999.0 99.0 99.00
2018 06 29 17 04 300  2.1 99.0 99.00 99.00 99.00 999 1014.4  12.6  12.8 999.0 99.0 99.00
2018 06 29 18 04 290  2.1 99.0 99.00 99.00 99.00 999 1014.4  12.7  12.9 999.0 99.0 99.00
2018 06 29 19 04 260  3.6 99.0 99.00 99.00 99.00 999 1014.4  12.6  13.1 999.0 99.0 99.00
2018 06 29 20 04 260  3.6 99.0 99.00 99.00 99.00 999 1014.5  13.1  13.4 999.0 99.0 99.00
2018 06 29 22 04 250  4.6 99.0 99.00 99.00 99.00 999 1013.9  13.6  13.4 999.0 99.0 99.00
2018 06 29 23 04 260  4.6 99.0 99.00 99.00 99.00 999 1013.6  13.6  13.5 999.0 99.0 99.00
2018 06 30 00 04 270  5.7 99.0 99.00 99.00 99.00 999 1013.1  13.7  13.3 999.0 99.0 99.00
2018 06 30 01 04 280  6.7 99.0 99.00 99.00 99.00 999 1012.1  13.9  13.2 999.0 99.0 99.00
2018 06 30 02 04 310  9.8 99.0 99.00 99.00 99.00 999 1011.5  14.0  12.9 999.0 99.0 99.00
2018 06 30 03 04 310  8.2 99.0 99.00 99.00 99.00 999 1011.4  13.7  12.7 999.0 99.0 99.00
2018 06 30 04 04 300  7.7 99.0 99.00 99.00 99.00 999 1011.6  13.4  12.4 999.0 99.0 99.00
2018 06 30 05 04 310  5.1 99.0 99.00 99.00 99.00 999 1012.0  13.2  12.6 999.0 99.0 99.00
2018 06 30 06 04 310  5.1 99.0 99.00 99.00 99.00 999 1012.0  13.2  12.5 999.0 99.0 99.00
2018 06 30 07 04 310  3.6 99.0 99.00 99.00 99.00 999 1011.8  13.2  12.6 999.0 99.0 99.00
2018 06 30 08 04 280  3.6 99.0 99.00 99.00 99.00 999 1011.2  13.0  12.7 999.0 99.0 99.00
2018 06 30 09 04 330  2.6 99.0 99.00 99.00 99.00 999 1011.1  13.0  12.8 999.0 99.0 99.00
2018 06 30 10 04 300  1.5 99.0 99.00 99.00 99.00 999 1011.3  13.0  12.8 999.0 99.0 99.00
2018 06 30 11 04 300  1.5 99.0 99.00 99.00 99.00 999 1011.6  12.9  12.8 999.0 99.0 99.00
2018 06 30 12 04 340  2.1 99.0 99.00 99.00 99.00 999 1012.5  12.3  12.9 999.0 99.0 99.00
2018 06 30 13 04 110  1.0 99.0 99.00 99.00 99.00 999 1012.7  12.0  12.8 999.0 99.0 99.00
2018 06 30 14 04  70  0.5 99.0 99.00 99.00 99.00 999 1013.4  11.9  12.9 999.0 99.0 99.00
2018 06 30 15 04 100  1.5 99.0 99.00 99.00 99.00 999 1014.3  12.0  13.0 999.0 99.0 99.00
2018 06 30 16 04 180  5.1 99.0 99.00 99.00 99.00 999 1013.5  12.0  13.0 999.0 99.0 99.00
2018 06 30 17 04 210  4.1 99.0 99.00 99.00 99.00 999 1014.1  12.1  13.1 999.0 99.0 99.00
2018 06 30 18 24 200  6.2 99.0 99.00 99.00 99.00 999 1014.4  12.4  13.1 999.0 99.0 99.00
2018 06 30 19 24 210  8.8 99.0 99.00 99.00 99.00 999 1014.2  13.0  12.9 999.0 99.0 99.00
2018 06 30 20 24 210  8.8 99.0 99.00 99.00 99.00 999 1014.1  13.2  13.1 999.0 99.0 99.00
2018 06 30 21 24 220  6.2 99.0 99.00 99.00 99.00 999 1014.3  13.0  12.7 999.0 99.0 99.00
2018 06 30 22 24 240  5.1 99.0 99.00 99.00 99.00 999 1014.1  13.2  12.5 999.0 99.0 99.00
2018 06 30 23 24 230  6.2 99.0 99.00 99.00 99.00 999 1013.9  13.3  12.5 999.0 99.0 99.00
