nan nan
-117.122778	 32.535556
-115.806944	 32.639722
-114.718611	 32.718333
-114.746389	 32.656944
-114.753056	 32.648889
-114.783056	 32.626667
-114.795556	 32.610000
-114.798611	 32.591667
-114.791667	 32.557778
-114.799722	 32.530000
-114.813056	 32.505278
-114.809722	 32.503889
-113.916667	 32.236111
-112.948611	 31.938889
-111.946389	 31.623611
-111.045833	 31.333056
-108.208333	 31.333056
nan nan
-124.753889	 48.501111
-123.997222	 48.285556
-123.688889	 48.237222
-123.527778	 48.222222
-123.248611	 48.278056
-123.114167	 48.422500
-123.167500	 48.456111
-123.203333	 48.526389
-123.255000	 48.689722
-122.998333	 48.764444
-122.998611	 48.819444
-123.307778	 48.999722
 -95.236389	 48.999722
nan nan
-130.608056	 54.707778
-130.610556	 54.716944
-130.628611	 54.738611
-130.634444	 54.764444
-130.554722	 54.790000
-130.507222	 54.810556
-130.424444	 54.865000
-130.336111	 54.913611
-130.323333	 54.930000
-130.284444	 54.957778
-130.237778	 55.001944
nan nan
-120.000833	 59.999444
-120.002222	 53.807222
-119.978333	 53.788889
-119.945556	 53.783333
-119.908889	 53.781389
-119.904722	 53.778611
-119.908889	 53.762500
-119.902222	 53.754167
-119.915000	 53.745556
-119.913056	 53.738611
-119.924722	 53.723611
-119.921111	 53.718333
-119.875000	 53.711944
-119.858333	 53.697222
-119.828611	 53.709444
-119.810278	 53.707778
-119.798056	 53.695000
-119.794722	 53.685000
-119.756111	 53.661111
-119.735278	 53.635000
-119.732500	 53.623056
-119.734722	 53.617778
-119.748611	 53.608611
-119.778333	 53.602778
-119.807778	 53.606111
-119.822778	 53.611389
-119.851944	 53.611667
-119.888611	 53.618889
-119.918056	 53.617778
-119.929722	 53.612500
-119.929722	 53.602778
-119.895278	 53.576389
-119.883056	 53.560000
-119.893333	 53.549167
-119.909722	 53.540278
-119.909722	 53.529167
-119.893889	 53.511944
-119.881667	 53.505278
-119.869444	 53.508333
-119.856111	 53.519167
-119.847778	 53.520556
-119.842500	 53.517778
-119.833611	 53.507500
-119.815278	 53.499722
-119.807778	 53.492222
-119.760833	 53.421667
-119.738056	 53.395000
-119.710833	 53.386389
-119.691389	 53.370833
-119.669722	 53.369167
-119.636944	 53.351667
-119.614167	 53.368333
-119.612500	 53.375278
-119.599167	 53.378889
-119.547222	 53.366944
-119.507778	 53.362778
-119.481667	 53.355556
-119.417222	 53.366667
-119.402222	 53.366667
-119.385833	 53.361667
-119.373611	 53.346111
-119.375556	 53.315000
-119.370833	 53.306389
-119.351944	 53.292222
-119.352778	 53.279167
-119.318056	 53.255278
-119.275556	 53.204444
-119.255278	 53.192222
-119.228889	 53.196667
-119.202222	 53.181111
-119.159722	 53.185556
-119.153056	 53.183611
-119.128333	 53.161944
-119.101944	 53.161667
-119.071389	 53.151389
-119.045556	 53.137778
-119.020278	 53.136944
-119.013611	 53.144722
-119.025833	 53.175556
-119.006667	 53.189722
-119.012222	 53.223056
-118.999722	 53.235556
-118.978889	 53.237222
-118.959722	 53.233333
-118.947500	 53.227500
-118.913056	 53.203333
-118.880556	 53.198333
-118.830278	 53.174167
-118.790833	 53.138056
-118.759722	 53.124722
-118.747778	 53.112500
-118.746667	 53.108056
-118.780556	 53.067500
-118.781111	 53.055833
-118.773611	 53.050278
-118.763889	 53.050556
-118.741667	 53.060556
-118.727500	 53.061389
-118.718889	 53.055000
-118.711111	 53.035556
-118.705278	 53.031389
-118.696944	 53.033333
-118.692778	 53.040000
-118.685278	 53.041944
-118.674722	 53.038333
-118.666667	 53.029722
-118.656389	 53.002500
-118.657778	 52.996944
-118.681111	 52.978333
-118.679722	 52.970278
-118.663056	 52.954444
-118.642222	 52.941389
-118.625000	 52.884167
-118.613056	 52.877500
-118.605000	 52.877500
-118.570833	 52.893056
-118.553056	 52.892500
-118.513889	 52.900000
-118.497778	 52.899722
-118.476944	 52.886667
-118.470278	 52.860278
-118.428333	 52.848611
-118.418056	 52.840833
-118.414444	 52.831667
-118.420000	 52.807222
-118.432222	 52.800278
-118.432500	 52.790833
-118.420833	 52.777778
-118.358056	 52.755000
-118.349722	 52.747778
-118.345000	 52.739167
-118.343611	 52.711111
-118.336389	 52.702778
-118.312500	 52.689444
-118.305556	 52.678333
-118.305556	 52.668611
-118.313056	 52.656667
-118.348611	 52.635278
-118.350000	 52.618056
-118.329167	 52.588056
-118.312500	 52.578056
-118.284167	 52.568056
-118.279167	 52.561389
-118.286944	 52.527778
-118.251389	 52.495556
-118.217500	 52.488889
-118.208333	 52.480833
-118.210278	 52.468611
-118.250278	 52.455833
-118.259722	 52.442222
-118.253056	 52.420000
-118.230278	 52.395000
-118.228889	 52.375278
-118.223056	 52.365556
-118.203333	 52.367222
-118.195556	 52.376111
-118.175000	 52.388611
-118.138611	 52.401111
-118.102500	 52.403611
-118.066389	 52.399167
-118.047500	 52.405000
-118.038056	 52.418056
-118.044444	 52.445000
-118.025000	 52.462500
-118.017500	 52.481944
-118.005556	 52.487778
-117.990000	 52.486111
-117.962222	 52.458333
-117.910278	 52.427778
-117.873611	 52.419167
-117.811111	 52.415000
-117.762222	 52.406389
-117.734444	 52.390278
-117.724444	 52.373333
-117.725556	 52.360833
-117.729167	 52.348056
-117.742222	 52.330000
-117.766389	 52.308611
-117.823611	 52.282778
-117.829722	 52.272778
-117.777500	 52.216667
-117.748056	 52.194167
-117.731944	 52.191667
-117.716111	 52.195556
-117.687500	 52.196111
-117.647500	 52.173056
-117.607778	 52.131944
-117.592500	 52.130278
-117.506111	 52.151944
-117.488611	 52.148611
-117.475556	 52.142222
-117.431667	 52.136944
-117.363056	 52.138611
-117.351667	 52.143056
-117.342500	 52.151667
-117.336944	 52.175556
-117.331111	 52.183333
-117.318889	 52.181944
-117.308333	 52.168889
-117.296389	 52.138333
-117.296944	 52.093889
-117.270833	 52.062500
-117.270278	 52.045000
-117.241389	 52.033611
-117.191667	 51.990556
-117.111944	 51.965000
-117.100556	 51.957500
-117.089722	 51.940278
-117.039444	 51.908056
-117.031944	 51.893889
-117.026944	 51.854444
-117.018056	 51.846389
-116.993889	 51.835278
-116.990278	 51.809167
-116.973333	 51.782222
-116.964722	 51.757500
-116.937500	 51.719722
-116.919167	 51.709167
-116.909722	 51.707500
-116.899722	 51.706667
-116.868056	 51.712500
-116.844444	 51.708333
-116.825833	 51.709722
-116.813056	 51.715278
-116.804722	 51.724722
-116.821389	 51.740000
-116.815833	 51.750556
-116.752222	 51.797778
-116.746111	 51.799167
-116.724722	 51.795833
-116.693611	 51.809167
-116.675833	 51.807778
-116.669167	 51.804167
-116.649167	 51.784167
-116.648056	 51.757778
-116.629722	 51.747222
-116.626389	 51.733056
-116.605278	 51.723611
-116.597778	 51.716389
-116.595833	 51.706389
-116.602222	 51.677778
-116.595000	 51.657500
-116.576389	 51.644167
-116.542222	 51.631111
-116.508889	 51.622500
-116.488056	 51.613056
-116.476944	 51.602222
-116.466111	 51.566389
-116.423889	 51.558056
-116.399722	 51.544722
-116.395000	 51.535000
-116.397778	 51.510833
-116.379722	 51.488611
-116.361667	 51.478611
-116.311111	 51.465000
-116.300833	 51.457500
-116.293611	 51.437222
-116.306389	 51.388333
-116.300278	 51.379167
-116.279722	 51.365000
-116.275000	 51.355278
-116.275000	 51.333611
-116.262222	 51.316667
-116.228889	 51.301667
-116.173889	 51.301944
-116.159167	 51.291944
-116.153056	 51.271944
-116.145833	 51.263056
-116.140000	 51.260278
-116.079444	 51.253611
-116.060833	 51.246111
-116.050833	 51.233889
-116.033333	 51.226389
-116.026389	 51.216944
-116.018889	 51.186111
-116.021111	 51.151389
-116.016111	 51.138333
-115.987222	 51.126667
-115.957778	 51.103611
-115.922778	 51.090556
-115.884444	 51.092778
-115.851389	 51.084444
-115.820556	 51.086944
-115.806111	 51.076389
-115.776944	 51.073611
-115.768333	 51.047778
-115.759722	 51.035556
-115.747222	 51.029444
-115.693611	 51.017222
-115.672500	 51.002778
-115.665833	 50.982222
-115.631111	 50.975833
-115.618889	 50.968889
-115.607222	 50.931389
-115.571944	 50.903333
-115.577500	 50.894167
-115.630278	 50.883333
-115.645278	 50.874722
-115.649167	 50.858889
-115.638056	 50.845000
-115.623611	 50.841944
-115.591667	 50.845278
-115.578611	 50.841111
-115.562500	 50.818611
-115.535556	 50.795000
-115.486944	 50.781111
-115.465833	 50.760833
-115.434167	 50.759722
-115.419167	 50.754167
-115.408889	 50.727778
-115.395833	 50.716944
-115.379167	 50.720278
-115.367500	 50.730000
-115.356389	 50.732500
-115.346944	 50.732222
-115.335556	 50.725278
-115.308333	 50.703611
-115.283333	 50.661667
-115.285556	 50.654444
-115.291944	 50.651667
-115.317500	 50.648056
-115.320556	 50.638611
-115.292500	 50.622222
-115.276389	 50.601389
-115.242778	 50.585833
-115.218889	 50.546944
-115.199722	 50.545000
-115.185278	 50.548889
-115.176944	 50.554167
-115.172778	 50.570278
-115.157500	 50.579444
-115.094167	 50.589167
-115.030556	 50.580278
-115.000556	 50.564444
-114.972222	 50.536111
-114.935278	 50.484722
-114.869444	 50.434722
-114.857778	 50.403056
-114.824444	 50.390833
-114.795000	 50.363611
-114.779167	 50.365000
-114.770278	 50.358333
-114.770278	 50.349167
-114.789722	 50.339722
-114.793611	 50.334444
-114.776389	 50.308611
-114.755000	 50.288889
-114.755556	 50.241111
-114.726944	 50.195833
-114.733056	 50.161667
-114.724167	 50.125278
-114.716111	 50.113056
-114.695000	 50.098889
-114.684722	 50.075833
-114.676389	 50.071389
-114.663056	 50.069444
-114.658889	 50.065278
-114.664444	 50.045833
-114.656944	 50.031389
-114.660278	 50.015000
-114.645000	 49.982500
-114.643333	 49.967778
-114.657778	 49.960556
-114.674444	 49.963056
-114.681667	 49.961111
-114.687500	 49.954167
-114.687500	 49.908056
-114.681944	 49.887500
-114.650278	 49.845278
-114.634722	 49.817222
-114.623611	 49.786389
-114.625000	 49.774444
-114.649722	 49.761944
-114.636111	 49.727778
-114.640556	 49.717778
-114.660833	 49.703889
-114.668056	 49.694167
-114.659722	 49.670833
-114.661667	 49.663889
-114.679722	 49.648889
-114.679722	 49.631944
-114.708889	 49.629167
-114.728333	 49.620556
-114.738333	 49.608611
-114.745556	 49.586667
-114.724722	 49.571667
-114.700833	 49.565000
-114.695000	 49.550278
-114.689444	 49.547222
-114.667222	 49.555556
-114.637222	 49.545000
-114.617500	 49.542778
-114.603333	 49.546389
-114.589722	 49.555833
-114.576389	 49.555833
-114.565833	 49.538611
-114.566389	 49.517500
-114.594444	 49.465278
-114.600000	 49.442222
-114.594167	 49.421944
-114.576389	 49.390000
-114.565278	 49.378611
-114.540278	 49.375000
-114.518333	 49.351667
-114.489167	 49.347500
-114.476111	 49.341389
-114.470278	 49.333611
-114.468333	 49.312778
-114.443611	 49.296944
-114.436389	 49.273333
-114.429444	 49.265556
-114.410278	 49.258333
-114.393889	 49.259722
-114.376944	 49.256389
-114.372778	 49.252500
-114.373611	 49.242778
-114.389167	 49.231667
-114.388611	 49.220278
-114.378889	 49.207778
-114.367500	 49.201111
-114.342222	 49.195556
-114.303056	 49.200278
-114.276389	 49.187500
-114.261389	 49.183889
-114.225556	 49.188611
-114.186111	 49.158889
-114.154167	 49.148056
-114.152222	 49.138611
-114.163056	 49.122500
-114.156944	 49.103611
-114.126389	 49.081667
-114.103889	 49.060000
-114.090278	 49.055278
-114.065833	 49.055833
-114.052778	 49.049722
-114.035278	 49.031111
-114.034167	 49.021944
-114.055556	 49.006944
-114.058333	 48.998056
nan nan
-120.000833	 59.999444
-120.002222	 53.807500
-119.978333	 53.788889
-119.945556	 53.783333
-119.908611	 53.781667
-119.904444	 53.775278
-119.908611	 53.762500
-119.902222	 53.754167
-119.914722	 53.745556
-119.913056	 53.738611
-119.924722	 53.723611
-119.921111	 53.718333
-119.874722	 53.711944
-119.858333	 53.697222
-119.828611	 53.709444
-119.810278	 53.707778
-119.798056	 53.695000
-119.794722	 53.685000
-119.756111	 53.661111
-119.735278	 53.635000
-119.732500	 53.623056
-119.734722	 53.617778
-119.748611	 53.608611
-119.778056	 53.602778
-119.793056	 53.603333
-119.822778	 53.611389
-119.851944	 53.611667
-119.888611	 53.618889
-119.918056	 53.617778
-119.929722	 53.612500
-119.929722	 53.602778
-119.895278	 53.576389
-119.882778	 53.560278
-119.893333	 53.549167
-119.909444	 53.540278
-119.909722	 53.529167
-119.893889	 53.511944
-119.881667	 53.505278
-119.869167	 53.508611
-119.856111	 53.519167
-119.847778	 53.520556
-119.842500	 53.518056
-119.830278	 53.505278
-119.811389	 53.496667
-119.738056	 53.395000
-119.710833	 53.386389
-119.691389	 53.370833
-119.669722	 53.369167
-119.636944	 53.351667
-119.614167	 53.368333
-119.612500	 53.375278
-119.598889	 53.378889
-119.547222	 53.366944
-119.507778	 53.362778
-119.481389	 53.355556
-119.417222	 53.366667
-119.402222	 53.366667
-119.385833	 53.361667
-119.373611	 53.346111
-119.375278	 53.315000
-119.370556	 53.306389
-119.351944	 53.292222
-119.352778	 53.279167
-119.318056	 53.255278
-119.275278	 53.204444
-119.255278	 53.192222
-119.228611	 53.196667
-119.202222	 53.181111
-119.159444	 53.185556
-119.128333	 53.161944
-119.109722	 53.162500
-119.093056	 53.159444
-119.045556	 53.137778
-119.028611	 53.135556
-119.020278	 53.136944
-119.013611	 53.144722
-119.025556	 53.175556
-119.006667	 53.189722
-119.012222	 53.223056
-118.999722	 53.235556
-118.978611	 53.237222
-118.947500	 53.227500
-118.913056	 53.203333
-118.880556	 53.198333
-118.830278	 53.174167
-118.790833	 53.138056
-118.759722	 53.124722
-118.747778	 53.112500
-118.746667	 53.108056
-118.766944	 53.087778
-118.780278	 53.067500
-118.781111	 53.055833
-118.773333	 53.050278
-118.763889	 53.050833
-118.741667	 53.060556
-118.727500	 53.061389
-118.718889	 53.055000
-118.711111	 53.035556
-118.705278	 53.031389
-118.696667	 53.033333
-118.688889	 53.041667
-118.679722	 53.041389
-118.670000	 53.034444
-118.656389	 53.002500
-118.657778	 52.996944
-118.681111	 52.978333
-118.679722	 52.970556
-118.663056	 52.954444
-118.642222	 52.941389
-118.632222	 52.918333
-118.625000	 52.884167
-118.613056	 52.877500
-118.605000	 52.877500
-118.570833	 52.893056
-118.552778	 52.892500
-118.513889	 52.900000
-118.497778	 52.899722
-118.476944	 52.886667
-118.470278	 52.860278
-118.428333	 52.848611
-118.418056	 52.840833
-118.414444	 52.831944
-118.420000	 52.807500
-118.432222	 52.800278
-118.432500	 52.790833
-118.420833	 52.777778
-118.358056	 52.755000
-118.349722	 52.747778
-118.345000	 52.739167
-118.343333	 52.711111
-118.336389	 52.702778
-118.312500	 52.689444
-118.305278	 52.678333
-118.305556	 52.668611
-118.313056	 52.656667
-118.348611	 52.635278
-118.350000	 52.618056
-118.329167	 52.588056
-118.281667	 52.565278
-118.278056	 52.556667
-118.286944	 52.527778
-118.251111	 52.495556
-118.217500	 52.488889
-118.208333	 52.480833
-118.210278	 52.468611
-118.250278	 52.455833
-118.259722	 52.442222
-118.253056	 52.420000
-118.230278	 52.395000
-118.228611	 52.375278
-118.223056	 52.365556
-118.203333	 52.367222
-118.175000	 52.388611
-118.138611	 52.401111
-118.102500	 52.403611
-118.066111	 52.399167
-118.047500	 52.405000
-118.038056	 52.418056
-118.044444	 52.445000
-118.025000	 52.462500
-118.017222	 52.481944
-118.005556	 52.487778
-117.990000	 52.486111
-117.962222	 52.458333
-117.902778	 52.425000
-117.873611	 52.419167
-117.780278	 52.410278
-117.754722	 52.403611
-117.734444	 52.390278
-117.724444	 52.373333
-117.725556	 52.360833
-117.729167	 52.348056
-117.742222	 52.330000
-117.766389	 52.308611
-117.823611	 52.282778
-117.829722	 52.272778
-117.777222	 52.216667
-117.748056	 52.194167
-117.731944	 52.191667
-117.716111	 52.195556
-117.687500	 52.196111
-117.647500	 52.173056
-117.607778	 52.131944
-117.592500	 52.130278
-117.505833	 52.151944
-117.488611	 52.148611
-117.475556	 52.142222
-117.431667	 52.136944
-117.363056	 52.138611
-117.348889	 52.144722
-117.342500	 52.151667
-117.331111	 52.183333
-117.318889	 52.181944
-117.308056	 52.168889
-117.296667	 52.140556
-117.296667	 52.093889
-117.293333	 52.085833
-117.270556	 52.062500
-117.270000	 52.045000
-117.241389	 52.033611
-117.191667	 51.990556
-117.111944	 51.965000
-117.100556	 51.957500
-117.089722	 51.940278
-117.039167	 51.908056
-117.029444	 51.883333
-117.030556	 51.864444
-117.026667	 51.854444
-117.017778	 51.846389
-116.993889	 51.835278
-116.990278	 51.809167
-116.973333	 51.782222
-116.964722	 51.757500
-116.937500	 51.719722
-116.919167	 51.709167
-116.909722	 51.707500
-116.867778	 51.712500
-116.844167	 51.708333
-116.825833	 51.709722
-116.812778	 51.715278
-116.804444	 51.724722
-116.821389	 51.740000
-116.815833	 51.750556
-116.752222	 51.797778
-116.746111	 51.799167
-116.724722	 51.795833
-116.693611	 51.809167
-116.675833	 51.807778
-116.669167	 51.804167
-116.651111	 51.788889
-116.648056	 51.757778
-116.626389	 51.743611
-116.626111	 51.733056
-116.605278	 51.723611
-116.597500	 51.716389
-116.602222	 51.677778
-116.595000	 51.657500
-116.576389	 51.644167
-116.542222	 51.631111
-116.508611	 51.622500
-116.488056	 51.613056
-116.476667	 51.602500
-116.466111	 51.566389
-116.423889	 51.558056
-116.399722	 51.544722
-116.395000	 51.535000
-116.397778	 51.510833
-116.379722	 51.488611
-116.361667	 51.478611
-116.310833	 51.465000
-116.296667	 51.452778
-116.295000	 51.424722
-116.306111	 51.388333
-116.300000	 51.379167
-116.276667	 51.360278
-116.274722	 51.333611
-116.262222	 51.316667
-116.228889	 51.301667
-116.173889	 51.301944
-116.159167	 51.291944
-116.153056	 51.272222
-116.145833	 51.263056
-116.140000	 51.260278
-116.079444	 51.253611
-116.060556	 51.246389
-116.050833	 51.233889
-116.033333	 51.226389
-116.026111	 51.216944
-116.018889	 51.186111
-116.020833	 51.151389
-116.016111	 51.138333
-115.987222	 51.126944
-115.957778	 51.103889
-115.922778	 51.090556
-115.884444	 51.092778
-115.851389	 51.084444
-115.820556	 51.086944
-115.805833	 51.076667
-115.776667	 51.073611
-115.759722	 51.035833
-115.747222	 51.029444
-115.693333	 51.017222
-115.672500	 51.002778
-115.665556	 50.982222
-115.631111	 50.975833
-115.618611	 50.969167
-115.607222	 50.931389
-115.571944	 50.903333
-115.577222	 50.894167
-115.630278	 50.883333
-115.645278	 50.874722
-115.649167	 50.859167
-115.638056	 50.845000
-115.623611	 50.841944
-115.591389	 50.845556
-115.578611	 50.841111
-115.562222	 50.818611
-115.535556	 50.795000
-115.486944	 50.781111
-115.465833	 50.760833
-115.433889	 50.759722
-115.419167	 50.754167
-115.408889	 50.727778
-115.395833	 50.716944
-115.379167	 50.720278
-115.367222	 50.730000
-115.356389	 50.732778
-115.340000	 50.728611
-115.308333	 50.703611
-115.283056	 50.661667
-115.285556	 50.654444
-115.291944	 50.651667
-115.317500	 50.648056
-115.320556	 50.638611
-115.292500	 50.622222
-115.276389	 50.601389
-115.242778	 50.585833
-115.218889	 50.546944
-115.199722	 50.545000
-115.185278	 50.548889
-115.176944	 50.554167
-115.172778	 50.570278
-115.157500	 50.579444
-115.093889	 50.589167
-115.030556	 50.580278
-115.000556	 50.564444
-114.975278	 50.540000
-114.935278	 50.484722
-114.869167	 50.434722
-114.857778	 50.403056
-114.824444	 50.390833
-114.795000	 50.363611
-114.779167	 50.365000
-114.772500	 50.361944
-114.770278	 50.349167
-114.789722	 50.339722
-114.793611	 50.334722
-114.776111	 50.308611
-114.755000	 50.288889
-114.755556	 50.241111
-114.726944	 50.195833
-114.732778	 50.161667
-114.724167	 50.125556
-114.716111	 50.113056
-114.694722	 50.098889
-114.684722	 50.075833
-114.676389	 50.071389
-114.663056	 50.069444
-114.658889	 50.065278
-114.664167	 50.045833
-114.656944	 50.031389
-114.660278	 50.015000
-114.645000	 49.982778
-114.643333	 49.967778
-114.657778	 49.960556
-114.674444	 49.963056
-114.685000	 49.957500
-114.687222	 49.908056
-114.681944	 49.887500
-114.650278	 49.845278
-114.632222	 49.811944
-114.623333	 49.786389
-114.625000	 49.774444
-114.649722	 49.761944
-114.636111	 49.727778
-114.640556	 49.717778
-114.660556	 49.703889
-114.668056	 49.694167
-114.659444	 49.670833
-114.665000	 49.660278
-114.679722	 49.648889
-114.679722	 49.632222
-114.708889	 49.629167
-114.728056	 49.620556
-114.738333	 49.608611
-114.745556	 49.586667
-114.724722	 49.571667
-114.700833	 49.565000
-114.695000	 49.550278
-114.689444	 49.547222
-114.667222	 49.555556
-114.637222	 49.545000
-114.617500	 49.542778
-114.603333	 49.546389
-114.589444	 49.555833
-114.576389	 49.556111
-114.565833	 49.538611
-114.566389	 49.517500
-114.594444	 49.465278
-114.600000	 49.442222
-114.593889	 49.421944
-114.576389	 49.390000
-114.565000	 49.378611
-114.540278	 49.375000
-114.518056	 49.351667
-114.489167	 49.347500
-114.476111	 49.341389
-114.470278	 49.333611
-114.468333	 49.313056
-114.443611	 49.296944
-114.436389	 49.273333
-114.429444	 49.265556
-114.410278	 49.258611
-114.393889	 49.259722
-114.376667	 49.256389
-114.372500	 49.252500
-114.373611	 49.242778
-114.389167	 49.231667
-114.388611	 49.220278
-114.372778	 49.204167
-114.361389	 49.198889
-114.342222	 49.195556
-114.303056	 49.200278
-114.276389	 49.187500
-114.261389	 49.183889
-114.225278	 49.188611
-114.186111	 49.158889
-114.154167	 49.148056
-114.152222	 49.138611
-114.162778	 49.122778
-114.156667	 49.103611
-114.126389	 49.081667
-114.103889	 49.060000
-114.090278	 49.055278
-114.065556	 49.055833
-114.052500	 49.049722
-114.035278	 49.031111
-114.034167	 49.021944
-114.055278	 49.007222
-114.058611	 48.997222
nan nan
-109.046389	 41.000000
-111.050278	 40.999722
-111.050833	 45.000000
-104.067222	 44.999444
nan nan
-109.046389	 41.000000
-111.050000	 40.999722
-111.050556	 45.000000
-104.067222	 44.999444
nan nan
-116.048333	 48.999444
-116.049167	 47.993333
-116.012222	 47.974167
-115.999444	 47.963056
-115.974167	 47.932778
-115.951389	 47.914167
-115.935278	 47.890000
-115.906111	 47.876389
-115.891111	 47.858056
-115.855278	 47.846667
-115.843611	 47.829167
-115.821389	 47.771667
-115.812500	 47.764167
-115.777778	 47.758333
-115.770833	 47.749444
-115.766944	 47.726389
-115.720833	 47.708056
-115.715000	 47.692500
-115.717222	 47.655000
-115.685556	 47.635556
-115.674167	 47.610000
-115.688889	 47.583889
-115.734722	 47.561389
-115.737500	 47.555833
-115.728889	 47.547778
-115.692778	 47.536944
-115.683611	 47.529444
-115.681111	 47.505556
-115.670833	 47.492500
-115.655556	 47.488611
-115.646944	 47.489444
-115.634722	 47.484444
-115.640278	 47.473056
-115.651389	 47.466944
-115.665000	 47.463611
-115.715833	 47.460278
-115.728889	 47.447222
-115.725000	 47.437222
-115.705000	 47.429722
-115.660833	 47.423333
-115.580278	 47.385278
-115.538611	 47.353333
-115.506944	 47.308056
-115.495833	 47.301111
-115.423611	 47.291944
-115.341667	 47.268889
-115.318333	 47.256111
-115.306111	 47.231667
-115.288889	 47.216111
-115.281944	 47.195278
-115.249722	 47.181944
-115.231944	 47.160556
-115.203056	 47.151667
-115.186667	 47.140833
-115.164444	 47.116389
-115.143889	 47.084444
-115.115000	 47.069167
-115.070556	 47.037500
-115.058333	 47.019167
-115.053056	 46.997500
-115.045000	 46.988611
-114.996389	 46.978333
-114.955278	 46.939167
-114.915833	 46.923889
-114.924167	 46.893889
-114.918611	 46.865833
-114.906389	 46.841389
-114.891944	 46.830833
-114.852222	 46.815278
-114.828056	 46.791389
-114.813056	 46.786667
-114.785278	 46.784167
-114.765556	 46.776389
-114.761111	 46.759722
-114.771111	 46.729722
-114.765000	 46.714722
-114.758333	 46.712222
-114.742222	 46.714444
-114.715556	 46.738056
-114.698889	 46.747778
-114.686389	 46.751667
-114.669444	 46.751111
-114.633333	 46.733889
-114.618056	 46.717500
-114.621667	 46.706667
-114.640000	 46.690833
-114.636667	 46.673889
-114.629167	 46.665556
-114.606111	 46.652222
-114.576389	 46.644444
-114.542222	 46.645833
-114.508056	 46.655000
-114.477500	 46.647222
-114.450000	 46.654722
-114.428333	 46.666111
-114.360278	 46.678333
-114.335000	 46.676389
-114.325000	 46.669167
-114.322778	 46.633889
-114.325833	 46.620833
-114.338333	 46.600278
-114.332778	 46.578611
-114.345000	 46.565556
-114.348611	 46.554167
-114.336944	 46.535556
-114.343611	 46.526111
-114.360556	 46.516944
-114.400278	 46.505556
-114.398056	 46.494444
-114.387222	 46.488056
-114.372222	 46.471667
-114.370833	 46.453611
-114.375000	 46.440556
-114.399444	 46.406667
-114.403611	 46.395000
-114.405000	 46.346111
-114.431111	 46.320556
-114.436111	 46.309722
-114.436667	 46.291944
-114.456111	 46.270000
-114.436389	 46.231111
-114.431944	 46.190556
-114.446944	 46.180000
-114.495000	 46.174722
-114.503333	 46.166389
-114.504722	 46.159722
-114.495833	 46.145833
-114.482500	 46.134444
-114.460833	 46.122500
-114.450000	 46.108889
-114.453611	 46.092222
-114.478889	 46.066389
-114.485278	 46.049722
-114.484167	 46.044167
-114.472222	 46.038333
-114.465833	 46.029444
-114.474167	 46.013611
-114.474167	 46.001944
-114.463333	 45.995556
-114.446944	 45.992222
-114.402222	 45.988056
-114.397778	 45.971667
-114.414444	 45.947500
-114.416389	 45.928889
-114.407778	 45.915278
-114.386389	 45.901667
-114.381944	 45.892500
-114.393056	 45.877500
-114.421944	 45.857500
-114.445556	 45.853611
-114.478889	 45.853056
-114.496111	 45.844722
-114.524444	 45.808333
-114.529167	 45.796944
-114.555000	 45.779444
-114.555000	 45.773333
-114.536111	 45.765000
-114.537222	 45.747222
-114.530556	 45.738333
-114.497222	 45.720000
-114.490833	 45.710278
-114.500000	 45.695833
-114.492500	 45.680833
-114.498056	 45.663333
-114.545000	 45.627778
-114.527778	 45.600000
-114.532500	 45.588611
-114.549722	 45.572778
-114.548611	 45.567222
-114.506389	 45.568056
-114.496667	 45.567222
-114.486944	 45.561111
-114.451389	 45.561389
-114.438333	 45.551111
-114.416667	 45.544444
-114.410278	 45.535556
-114.406111	 45.518889
-114.361944	 45.506389
-114.345000	 45.485000
-114.315000	 45.477222
-114.306944	 45.477778
-114.253889	 45.501389
-114.237222	 45.532222
-114.222778	 45.543611
-114.208333	 45.546389
-114.182222	 45.544444
-114.148056	 45.561111
-114.107778	 45.572222
-114.097222	 45.592222
-114.068056	 45.605556
-114.049167	 45.636667
-114.031944	 45.645000
-113.998333	 45.653056
-113.995278	 45.658333
-114.003611	 45.679722
-114.003611	 45.691667
-114.001667	 45.697778
-113.990833	 45.703611
-113.972778	 45.702222
-113.941111	 45.688611
-113.917500	 45.683056
-113.891944	 45.654167
-113.891667	 45.636944
-113.887500	 45.631944
-113.860833	 45.622500
-113.818611	 45.615000
-113.798333	 45.606944
-113.788889	 45.594444
-113.788056	 45.583056
-113.803611	 45.566111
-113.810833	 45.529167
-113.801389	 45.521667
-113.765278	 45.517222
-113.752778	 45.505556
-113.751667	 45.471111
-113.761111	 45.455278
-113.766111	 45.437222
-113.757778	 45.423333
-113.760833	 45.410556
-113.725556	 45.398611
-113.715000	 45.386111
-113.718611	 45.312778
-113.706944	 45.300556
-113.682222	 45.290000
-113.672778	 45.282500
-113.667778	 45.271667
-113.667778	 45.255000
-113.663611	 45.250556
-113.644167	 45.243333
-113.631667	 45.226389
-113.604722	 45.216667
-113.600833	 45.212222
-113.584167	 45.190000
-113.579722	 45.168333
-113.561111	 45.148056
-113.562500	 45.128889
-113.558333	 45.125000
-113.543056	 45.120833
-113.513889	 45.126111
-113.497500	 45.123889
-113.493611	 45.096111
-113.458056	 45.059167
-113.436111	 45.021944
-113.430000	 44.994722
-113.436389	 44.968889
-113.446944	 44.953889
-113.476944	 44.942778
-113.483611	 44.933056
-113.453056	 44.900833
-113.434722	 44.862500
-113.411667	 44.844722
-113.362500	 44.834167
-113.350833	 44.828333
-113.341667	 44.815278
-113.341111	 44.797222
-113.331389	 44.790000
-113.298611	 44.792778
-113.268889	 44.812778
-113.251389	 44.819444
-113.242500	 44.819444
-113.213889	 44.816944
-113.191667	 44.809444
-113.141111	 44.776667
-113.124444	 44.755278
-113.101389	 44.737500
-113.091111	 44.713056
-113.077778	 44.702222
-113.065833	 44.677500
-113.044722	 44.652222
-113.040833	 44.636111
-113.070000	 44.614444
-113.068889	 44.604167
-113.036389	 44.579167
-113.031667	 44.569444
-113.034722	 44.556944
-113.031667	 44.552500
-113.000833	 44.545000
-112.992500	 44.536944
-112.993611	 44.525556
-113.008889	 44.500000
-112.995556	 44.477500
-112.995833	 44.458889
-112.981111	 44.454722
-112.963611	 44.454722
-112.936111	 44.425833
-112.925278	 44.420000
-112.871667	 44.407500
-112.836389	 44.371111
-112.815278	 44.371111
-112.803611	 44.383333
-112.807778	 44.393611
-112.828889	 44.418889
-112.826667	 44.431111
-112.810278	 44.448333
-112.752222	 44.489167
-112.722778	 44.493333
-112.694167	 44.506389
-112.678056	 44.507778
-112.633056	 44.495833
-112.574722	 44.496667
-112.531667	 44.490000
-112.516944	 44.485833
-112.503056	 44.474722
-112.493611	 44.473889
-112.466389	 44.480278
-112.448889	 44.480000
-112.427778	 44.473889
-112.410278	 44.458333
-112.394444	 44.455278
-112.378889	 44.456667
-112.359444	 44.470833
-112.343056	 44.503056
-112.336111	 44.528611
-112.328611	 44.537500
-112.299167	 44.550000
-112.263056	 44.555833
-112.238611	 44.572222
-112.222778	 44.570278
-112.199722	 44.552222
-112.181667	 44.550278
-112.152778	 44.555278
-112.125000	 44.552500
-112.109167	 44.548889
-112.087500	 44.535556
-112.071667	 44.536944
-112.054167	 44.544167
-112.045833	 44.544722
-112.012778	 44.540278
-111.992778	 44.553333
-111.972778	 44.546389
-111.964167	 44.546389
-111.948889	 44.549167
-111.923056	 44.562778
-111.873056	 44.565278
-111.850000	 44.559444
-111.831389	 44.545833
-111.822222	 44.532500
-111.811111	 44.526389
-111.801667	 44.525556
-111.779167	 44.536389
-111.732222	 44.540833
-111.682778	 44.566111
-111.668611	 44.568889
-111.609444	 44.558056
-111.586944	 44.560000
-111.561667	 44.568611
-111.543611	 44.567500
-111.494722	 44.544444
-111.457222	 44.548333
-111.451667	 44.551111
-111.456389	 44.561389
-111.493333	 44.570833
-111.501389	 44.578889
-111.508889	 44.605278
-111.505278	 44.618056
-111.494444	 44.632778
-111.496111	 44.644167
-111.487500	 44.652222
-111.459167	 44.658333
-111.450000	 44.665000
-111.450000	 44.684444
-111.467500	 44.704167
-111.462222	 44.715278
-111.440278	 44.727500
-111.394444	 44.732500
-111.381111	 44.751944
-111.370833	 44.757778
-111.363056	 44.758333
-111.340278	 44.740278
-111.314444	 44.738333
-111.306389	 44.736667
-111.302222	 44.732500
-111.300833	 44.715278
-111.286111	 44.705000
-111.274444	 44.687778
-111.254722	 44.673889
-111.250278	 44.651944
-111.226389	 44.646111
-111.218056	 44.638333
-111.218611	 44.608056
-111.202500	 44.586389
-111.178333	 44.581111
-111.166944	 44.575000
-111.136944	 44.536944
-111.102500	 44.506667
-111.050278	 44.496111
nan nan
-116.048333	 48.999444
-116.049167	 47.993333
-116.011944	 47.974167
-115.999444	 47.963056
-115.974167	 47.932778
-115.951389	 47.914167
-115.935278	 47.890000
-115.916111	 47.883333
-115.905833	 47.876389
-115.891111	 47.858056
-115.855278	 47.846667
-115.843611	 47.829167
-115.830556	 47.791667
-115.816667	 47.767778
-115.804444	 47.762222
-115.777500	 47.758333
-115.770556	 47.749444
-115.766944	 47.726389
-115.720833	 47.708056
-115.715000	 47.692500
-115.717222	 47.655000
-115.685556	 47.635556
-115.674167	 47.610000
-115.688889	 47.583889
-115.734722	 47.561389
-115.737500	 47.555833
-115.728611	 47.547778
-115.699444	 47.539444
-115.687222	 47.533056
-115.680278	 47.518889
-115.681111	 47.505556
-115.670833	 47.492500
-115.655278	 47.488611
-115.646944	 47.489444
-115.634722	 47.484444
-115.640278	 47.473056
-115.651389	 47.466944
-115.664722	 47.463611
-115.715833	 47.460278
-115.728611	 47.447222
-115.725000	 47.437222
-115.705000	 47.429722
-115.660556	 47.423333
-115.580278	 47.385278
-115.538611	 47.353333
-115.506944	 47.308056
-115.495833	 47.301111
-115.423611	 47.291944
-115.341389	 47.268889
-115.318333	 47.256111
-115.313611	 47.252500
-115.305833	 47.231667
-115.288889	 47.216111
-115.281944	 47.195278
-115.249722	 47.181944
-115.231944	 47.160556
-115.203056	 47.151667
-115.186667	 47.140833
-115.164167	 47.116389
-115.143889	 47.084444
-115.115000	 47.069167
-115.070556	 47.037500
-115.060556	 47.024444
-115.055000	 47.002500
-115.045000	 46.988611
-114.996389	 46.978333
-114.955278	 46.939167
-114.915556	 46.923889
-114.924167	 46.893889
-114.918611	 46.865833
-114.906389	 46.841389
-114.891944	 46.830833
-114.852222	 46.815278
-114.828056	 46.791389
-114.812778	 46.786667
-114.785278	 46.784167
-114.765556	 46.776389
-114.761111	 46.760000
-114.770833	 46.729722
-114.765000	 46.714722
-114.758333	 46.712222
-114.742222	 46.714444
-114.715556	 46.738056
-114.698889	 46.747778
-114.686389	 46.751667
-114.669444	 46.751111
-114.633333	 46.733889
-114.617778	 46.717500
-114.617778	 46.711111
-114.640000	 46.690833
-114.636667	 46.673889
-114.629167	 46.665556
-114.606111	 46.652222
-114.576389	 46.644444
-114.542222	 46.645833
-114.508056	 46.655000
-114.477222	 46.647222
-114.450000	 46.654722
-114.428333	 46.666111
-114.360278	 46.678333
-114.334722	 46.676389
-114.325000	 46.669167
-114.322778	 46.633889
-114.325833	 46.620833
-114.338056	 46.600278
-114.332778	 46.578611
-114.344722	 46.565556
-114.348611	 46.554167
-114.336667	 46.535833
-114.343333	 46.526111
-114.360556	 46.516944
-114.400278	 46.505556
-114.398056	 46.494444
-114.387222	 46.488056
-114.371944	 46.471667
-114.370833	 46.453611
-114.375000	 46.440556
-114.399444	 46.406667
-114.403333	 46.395000
-114.405000	 46.346111
-114.431111	 46.320556
-114.436667	 46.291944
-114.456111	 46.270000
-114.437778	 46.236111
-114.431944	 46.190556
-114.446667	 46.180000
-114.495000	 46.174722
-114.503333	 46.166389
-114.504444	 46.159722
-114.495833	 46.145833
-114.482500	 46.134444
-114.460833	 46.122500
-114.450000	 46.109167
-114.453611	 46.092222
-114.478611	 46.066389
-114.485278	 46.049722
-114.484167	 46.044167
-114.472222	 46.038333
-114.465833	 46.029444
-114.474167	 46.013611
-114.474167	 46.001944
-114.463333	 45.995556
-114.446944	 45.992222
-114.402222	 45.988056
-114.397778	 45.971667
-114.414444	 45.947500
-114.416389	 45.928889
-114.407778	 45.915278
-114.386389	 45.901667
-114.381944	 45.892500
-114.393056	 45.877500
-114.421944	 45.857500
-114.436389	 45.854444
-114.478889	 45.853056
-114.496111	 45.844722
-114.524444	 45.808333
-114.529167	 45.796944
-114.554722	 45.779444
-114.554722	 45.773333
-114.536111	 45.765000
-114.537222	 45.747222
-114.530556	 45.738333
-114.497222	 45.720000
-114.490833	 45.710278
-114.500000	 45.695833
-114.492500	 45.680833
-114.498056	 45.663333
-114.545000	 45.627778
-114.527778	 45.600000
-114.532500	 45.588611
-114.549722	 45.572778
-114.548611	 45.567222
-114.506389	 45.568056
-114.496667	 45.567222
-114.486944	 45.561111
-114.451389	 45.561667
-114.438333	 45.551111
-114.416667	 45.544444
-114.410278	 45.535833
-114.406111	 45.518889
-114.361944	 45.506389
-114.345000	 45.485000
-114.314722	 45.477222
-114.306944	 45.477778
-114.253889	 45.501389
-114.237222	 45.532222
-114.222500	 45.543611
-114.208333	 45.546667
-114.182222	 45.544444
-114.154167	 45.558889
-114.107778	 45.572222
-114.096944	 45.592222
-114.068056	 45.605556
-114.049167	 45.636667
-114.031944	 45.645000
-113.998333	 45.653056
-113.995278	 45.658333
-114.003611	 45.679722
-114.003611	 45.691667
-114.001667	 45.697778
-113.990833	 45.703611
-113.972500	 45.702222
-113.941111	 45.688611
-113.917500	 45.683056
-113.891944	 45.654167
-113.891667	 45.636944
-113.887500	 45.632222
-113.860833	 45.622500
-113.818611	 45.615000
-113.798333	 45.606944
-113.788889	 45.594444
-113.787778	 45.583333
-113.800556	 45.571389
-113.808333	 45.554722
-113.810556	 45.529167
-113.801111	 45.521667
-113.765278	 45.517222
-113.752500	 45.505833
-113.751667	 45.471111
-113.761111	 45.455556
-113.766111	 45.437222
-113.757778	 45.423333
-113.760833	 45.410556
-113.725556	 45.398611
-113.715000	 45.386111
-113.718611	 45.313056
-113.706944	 45.300556
-113.682222	 45.290000
-113.672778	 45.282500
-113.667778	 45.271667
-113.667778	 45.255000
-113.663611	 45.250556
-113.644167	 45.243333
-113.631389	 45.226389
-113.604722	 45.216667
-113.600833	 45.212222
-113.583889	 45.190000
-113.579722	 45.168333
-113.560833	 45.148056
-113.563056	 45.134444
-113.558056	 45.125000
-113.543056	 45.120833
-113.513889	 45.126111
-113.497500	 45.123889
-113.493611	 45.096111
-113.458056	 45.059167
-113.436111	 45.021944
-113.430000	 44.994722
-113.436389	 44.968889
-113.446944	 44.953889
-113.476944	 44.942778
-113.483611	 44.933056
-113.453056	 44.900833
-113.434444	 44.862500
-113.411389	 44.844722
-113.362500	 44.834167
-113.350833	 44.828333
-113.341389	 44.815278
-113.340833	 44.797222
-113.331389	 44.790000
-113.298611	 44.792778
-113.268889	 44.812778
-113.251111	 44.819722
-113.242500	 44.819444
-113.213889	 44.816944
-113.191667	 44.809444
-113.141111	 44.776667
-113.124444	 44.755278
-113.101389	 44.737500
-113.091111	 44.713056
-113.077778	 44.702222
-113.065556	 44.677500
-113.044722	 44.652222
-113.040833	 44.636111
-113.070000	 44.614444
-113.068889	 44.604167
-113.036389	 44.579167
-113.031389	 44.569722
-113.034722	 44.556944
-113.031389	 44.552500
-113.000833	 44.545000
-112.992500	 44.537222
-112.993611	 44.525556
-113.008889	 44.500000
-112.995556	 44.477500
-112.995833	 44.458889
-112.981111	 44.454722
-112.963611	 44.454722
-112.935833	 44.425833
-112.925278	 44.420000
-112.871667	 44.407500
-112.836389	 44.371389
-112.830000	 44.369444
-112.815278	 44.371389
-112.803333	 44.383333
-112.807500	 44.393611
-112.828889	 44.418889
-112.826667	 44.431111
-112.810000	 44.448333
-112.752222	 44.489167
-112.722500	 44.493333
-112.693889	 44.506389
-112.678056	 44.507778
-112.632778	 44.495833
-112.574722	 44.496667
-112.531389	 44.490000
-112.516667	 44.485833
-112.503056	 44.474722
-112.493611	 44.473889
-112.466389	 44.480278
-112.448889	 44.480000
-112.427778	 44.473889
-112.410278	 44.458333
-112.394444	 44.455556
-112.378611	 44.456944
-112.359444	 44.470833
-112.342778	 44.503056
-112.336111	 44.528611
-112.328611	 44.537500
-112.299167	 44.550000
-112.263056	 44.556111
-112.238611	 44.572500
-112.222500	 44.570278
-112.199722	 44.552222
-112.181667	 44.550278
-112.152500	 44.555278
-112.125000	 44.552500
-112.109167	 44.548889
-112.087500	 44.535833
-112.078889	 44.535556
-112.053889	 44.544167
-112.037222	 44.544722
-112.012778	 44.540278
-111.992778	 44.553333
-111.964167	 44.546389
-111.948889	 44.549167
-111.923056	 44.563056
-111.873056	 44.565278
-111.850000	 44.559444
-111.835278	 44.549722
-111.822222	 44.532500
-111.810833	 44.526389
-111.801389	 44.525556
-111.778889	 44.536389
-111.732222	 44.540833
-111.682778	 44.566111
-111.668611	 44.568889
-111.609444	 44.558056
-111.586944	 44.560000
-111.561667	 44.568611
-111.543611	 44.567500
-111.494722	 44.544444
-111.457222	 44.548333
-111.451667	 44.551111
-111.456389	 44.561389
-111.486944	 44.568611
-111.501389	 44.578889
-111.508611	 44.605278
-111.505278	 44.618056
-111.494444	 44.632778
-111.496111	 44.644167
-111.487500	 44.652222
-111.459167	 44.658333
-111.450000	 44.665000
-111.450000	 44.684444
-111.467500	 44.704167
-111.462222	 44.715278
-111.440278	 44.727500
-111.394444	 44.732500
-111.380833	 44.751944
-111.370833	 44.757778
-111.363056	 44.758333
-111.340278	 44.740278
-111.314444	 44.738333
-111.301944	 44.732778
-111.300556	 44.715278
-111.282222	 44.701111
-111.274167	 44.687778
-111.254722	 44.673889
-111.250278	 44.651944
-111.226389	 44.646111
-111.218056	 44.638333
-111.218611	 44.608056
-111.202500	 44.586389
-111.178333	 44.581111
-111.166944	 44.575000
-111.140833	 44.541111
-111.102500	 44.506667
-111.050278	 44.496389
nan nan
-114.042500	 37.000278
 -94.618056	 36.999722
nan nan
-114.042500	 37.000278
 -94.618056	 36.999722
nan nan
-116.886389	 46.001389
-116.933889	 45.999444
-118.993611	 45.999444
-119.024167	 45.975556
-119.056389	 45.957500
-119.088889	 45.946667
-119.127778	 45.940000
-119.163056	 45.939444
-119.286389	 45.948333
-119.428333	 45.929444
-119.497222	 45.916389
-119.515000	 45.917778
-119.550556	 45.927500
-119.575000	 45.926944
-119.588333	 45.922222
-119.603889	 45.911667
-119.635000	 45.877778
-119.662778	 45.863056
-119.675833	 45.859722
-119.776111	 45.860000
-119.861111	 45.839167
-119.945000	 45.831389
-120.009444	 45.809167
-120.140000	 45.780833
-120.213889	 45.736667
-120.280000	 45.730000
-120.357500	 45.710833
-120.425556	 45.705556
-120.462778	 45.706944
-120.490556	 45.715278
-120.531667	 45.742778
-120.548889	 45.750278
-120.564167	 45.753333
-120.612222	 45.755000
-120.640000	 45.747778
-120.708889	 45.714722
-120.772500	 45.699722
-120.865278	 45.668889
-120.894722	 45.655278
-120.911111	 45.655833
-120.940000	 45.663611
-121.031944	 45.666389
-121.056389	 45.663611
-121.081389	 45.654167
-121.130556	 45.619167
-121.145278	 45.616111
-121.159722	 45.619167
-121.177500	 45.634167
-121.193611	 45.677778
-121.256667	 45.703056
-121.299167	 45.715000
-121.325556	 45.714444
-121.364167	 45.708611
-121.401389	 45.708333
-121.463333	 45.720833
-121.497778	 45.731389
-121.526389	 45.732222
-121.572778	 45.724444
-121.617778	 45.722778
-121.701667	 45.708333
-121.728889	 45.710278
-121.766667	 45.718889
-121.795000	 45.720278
-121.837778	 45.708889
-121.853611	 45.701111
-121.923333	 45.653056
-121.979167	 45.631111
-122.013889	 45.621667
-122.030556	 45.620556
-122.076111	 45.605000
-122.135278	 45.592778
-122.219167	 45.568889
-122.271944	 45.566667
-122.308889	 45.575000
-122.342500	 45.586667
-122.366944	 45.590556
-122.416944	 45.585278
-122.452500	 45.595556
-122.484722	 45.600278
-122.524167	 45.614167
-122.596389	 45.613889
-122.672222	 45.622778
-122.696389	 45.634167
-122.730833	 45.658056
-122.743889	 45.670000
-122.751389	 45.684444
-122.752778	 45.724444
-122.756389	 45.734722
-122.753056	 45.780556
-122.757500	 45.791111
-122.769722	 45.803611
-122.776111	 45.818889
-122.778611	 45.837222
-122.774167	 45.875833
-122.806944	 45.981389
-122.844722	 46.003333
-122.852222	 46.011667
-122.854722	 46.030833
-122.871111	 46.066667
-122.902500	 46.098889
-122.946111	 46.123611
-123.026111	 46.144722
-123.046389	 46.157222
-123.066667	 46.178333
-123.088889	 46.189444
-123.122500	 46.185833
-123.150833	 46.194444
-123.163611	 46.195278
-123.186389	 46.189444
-123.229167	 46.170833
-123.266944	 46.163056
-123.341667	 46.161389
-123.365278	 46.165556
-123.411111	 46.188889
-123.422222	 46.214444
-123.410833	 46.234167
-123.420000	 46.269444
-123.428611	 46.276944
-123.443333	 46.280556
-123.501667	 46.274444
-123.547222	 46.265278
-123.582778	 46.262778
-123.636944	 46.266944
-123.689167	 46.279167
-123.713611	 46.281389
-123.782222	 46.259444
-123.862222	 46.248333
-123.886944	 46.251944
-123.905278	 46.259722
-123.988333	 46.311944
-124.002222	 46.307778
-124.008611	 46.285278
-124.023611	 46.275000
-124.048333	 46.271667
-124.065833	 46.273333
-124.085556	 46.280278
nan nan
-124.085556	 46.280278
-124.065833	 46.273333
-124.048333	 46.271667
-124.023611	 46.275000
-124.008889	 46.285278
-124.002222	 46.307778
-123.988333	 46.311944
-123.905556	 46.259722
-123.886944	 46.251944
-123.862222	 46.248333
-123.782500	 46.259444
-123.713611	 46.281389
-123.689444	 46.279167
-123.636944	 46.266944
-123.582778	 46.262778
-123.547222	 46.265278
-123.501667	 46.274444
-123.443611	 46.280556
-123.428611	 46.276944
-123.418056	 46.263889
-123.410833	 46.233889
-123.422222	 46.214444
-123.411111	 46.188889
-123.365278	 46.165556
-123.341667	 46.161389
-123.266944	 46.163056
-123.229167	 46.170833
-123.186389	 46.189444
-123.163611	 46.195278
-123.150833	 46.194444
-123.122778	 46.185833
-123.088889	 46.189444
-123.066667	 46.178333
-123.046389	 46.157222
-123.026389	 46.144722
-122.946389	 46.123611
-122.902778	 46.098889
-122.871389	 46.066667
-122.854722	 46.030833
-122.852222	 46.011667
-122.845000	 46.003333
-122.806944	 45.981111
-122.774444	 45.875833
-122.778889	 45.837222
-122.776389	 45.818889
-122.772778	 45.808333
-122.757500	 45.791111
-122.753056	 45.780556
-122.756389	 45.734722
-122.752778	 45.724444
-122.751389	 45.684444
-122.743889	 45.670000
-122.730833	 45.658056
-122.696389	 45.634167
-122.672222	 45.622500
-122.596389	 45.613889
-122.524444	 45.614167
-122.484722	 45.600278
-122.466944	 45.598611
-122.416944	 45.585278
-122.366944	 45.590556
-122.342500	 45.586667
-122.309167	 45.575000
-122.272222	 45.566667
-122.219444	 45.568889
-122.135278	 45.592778
-122.076111	 45.605000
-122.030556	 45.620556
-122.013889	 45.621667
-121.979167	 45.631111
-121.923333	 45.653056
-121.838056	 45.708889
-121.795000	 45.720278
-121.766944	 45.718889
-121.728889	 45.710278
-121.701667	 45.708333
-121.618056	 45.722778
-121.572778	 45.724444
-121.526389	 45.732222
-121.482500	 45.728333
-121.463333	 45.720833
-121.401389	 45.708333
-121.364167	 45.708611
-121.325556	 45.714444
-121.299167	 45.715000
-121.256667	 45.703056
-121.193611	 45.677778
-121.177500	 45.634167
-121.159722	 45.619167
-121.145278	 45.615833
-121.130556	 45.619167
-121.081389	 45.654167
-121.056389	 45.663611
-121.031944	 45.666389
-120.940278	 45.663611
-120.911111	 45.655833
-120.894722	 45.655278
-120.865278	 45.668889
-120.772778	 45.699722
-120.708889	 45.714722
-120.640000	 45.747778
-120.612222	 45.755000
-120.564444	 45.753333
-120.548889	 45.750278
-120.531944	 45.742778
-120.490556	 45.715278
-120.462778	 45.706667
-120.425556	 45.705278
-120.357500	 45.710833
-120.280278	 45.730000
-120.213889	 45.736667
-120.196389	 45.744722
-120.157500	 45.772500
-120.140000	 45.780833
-120.009444	 45.809167
-119.945000	 45.831389
-119.861111	 45.839167
-119.776389	 45.860000
-119.668889	 45.861389
-119.644444	 45.871111
-119.622778	 45.889167
-119.603889	 45.911667
-119.583611	 45.924722
-119.575000	 45.926944
-119.550833	 45.927500
-119.523056	 45.919444
-119.497222	 45.916389
-119.428333	 45.929444
-119.286389	 45.948333
-119.163056	 45.939444
-119.127778	 45.940000
-119.088889	 45.946667
-119.056389	 45.957500
-119.013889	 45.982500
-118.993611	 45.999444
-116.934167	 45.999444
-116.886389	 46.001389
nan nan
-117.016944	 41.999444
-117.017500	 43.799722
-117.024444	 43.804167
-117.028333	 43.815278
-117.019722	 43.837222
-116.970000	 43.878056
-116.965556	 43.916389
-116.954444	 43.937778
-116.953056	 43.980833
-116.931667	 44.015833
-116.934722	 44.045556
-116.940278	 44.055556
-116.970833	 44.080278
-116.972778	 44.092500
-116.958611	 44.103611
-116.922222	 44.110278
-116.907778	 44.120556
-116.909722	 44.144722
-116.892500	 44.168333
-116.891667	 44.175278
-116.896111	 44.184444
-116.910278	 44.195000
-116.962778	 44.213889
-116.967500	 44.223056
-116.965833	 44.253889
-116.968889	 44.258889
-116.985278	 44.267778
-116.993611	 44.269167
-117.016111	 44.265833
-117.043056	 44.251111
-117.056944	 44.255556
-117.073611	 44.276944
-117.087500	 44.286944
-117.096389	 44.288333
-117.110000	 44.285278
-117.138333	 44.264167
-117.147778	 44.264722
-117.160833	 44.271111
-117.189444	 44.291111
-117.203333	 44.307778
-117.201944	 44.321389
-117.194167	 44.337222
-117.195000	 44.355278
-117.215833	 44.393611
-117.215556	 44.412778
-117.201944	 44.446389
-117.202500	 44.458056
-117.213889	 44.476667
-117.212222	 44.482500
-117.194167	 44.497222
-117.185556	 44.512500
-117.156944	 44.526111
-117.133611	 44.543611
-117.115278	 44.603333
-117.041667	 44.728056
-117.027778	 44.746111
-117.013056	 44.756389
-116.968611	 44.771944
-116.941667	 44.786944
-116.895833	 44.831111
-116.881111	 44.863889
-116.850000	 44.905278
-116.836111	 44.930556
-116.836111	 44.962222
-116.827500	 44.985556
-116.840833	 44.990556
-116.843056	 44.995556
-116.837500	 45.025556
-116.795556	 45.065556
-116.773056	 45.100000
-116.738056	 45.137500
-116.716389	 45.170000
-116.711389	 45.170278
-116.703611	 45.186944
-116.691667	 45.244722
-116.664444	 45.290556
-116.660833	 45.327500
-116.650278	 45.356111
-116.625000	 45.381111
-116.601111	 45.413333
-116.590833	 45.419444
-116.576667	 45.445278
-116.551389	 45.468889
-116.545833	 45.479167
-116.545556	 45.492222
-116.533056	 45.512778
-116.496667	 45.543056
-116.465000	 45.576389
-116.453333	 45.606944
-116.458056	 45.630000
-116.488611	 45.675278
-116.511667	 45.724167
-116.546111	 45.762222
-116.575833	 45.775833
-116.621667	 45.780833
-116.639167	 45.789444
-116.677778	 45.817222
-116.701111	 45.828889
-116.718333	 45.831389
-116.742500	 45.828056
-116.757778	 45.831111
-116.779722	 45.861667
-116.796389	 45.877500
-116.826389	 45.898056
-116.841111	 45.914722
-116.855000	 45.951944
-116.875833	 45.990556
-116.894167	 46.011667
-116.906111	 46.041944
-116.971389	 46.092500
-116.973333	 46.097500
-116.970000	 46.102222
-116.951111	 46.110833
-116.926389	 46.142500
-116.915000	 46.163889
-116.914444	 46.175556
-116.922778	 46.188889
-116.942778	 46.202500
-116.946389	 46.213333
-116.944167	 46.239167
-116.947222	 46.263611
-116.972222	 46.286944
-116.978333	 46.302500
-116.994167	 46.325000
-117.013611	 46.344722
-117.039444	 46.361667
-117.045556	 46.370833
-117.045556	 46.376667
-117.027778	 46.407500
-117.024167	 46.432778
-117.039444	 46.598611
-117.039722	 49.000000
nan nan
-117.016944	 41.999444
-117.016667	 43.683056
-117.017500	 43.799722
-117.024444	 43.804167
-117.028056	 43.815278
-117.019722	 43.837500
-116.970000	 43.878333
-116.965556	 43.916389
-116.954444	 43.937778
-116.953056	 43.980833
-116.931667	 44.015833
-116.937222	 44.050556
-116.943889	 44.059167
-116.967500	 44.076389
-116.973333	 44.085556
-116.972500	 44.092500
-116.958611	 44.103889
-116.922222	 44.110556
-116.907778	 44.120556
-116.909722	 44.144722
-116.892500	 44.168333
-116.891667	 44.175278
-116.896111	 44.184444
-116.910278	 44.195000
-116.962778	 44.213889
-116.967500	 44.223056
-116.965833	 44.253889
-116.968889	 44.258889
-116.985278	 44.268056
-117.016111	 44.265833
-117.043056	 44.251111
-117.056667	 44.255833
-117.073611	 44.276944
-117.087500	 44.287222
-117.096111	 44.288333
-117.110000	 44.285278
-117.138333	 44.264167
-117.147778	 44.264722
-117.160556	 44.271111
-117.189167	 44.291111
-117.203333	 44.307778
-117.201944	 44.321389
-117.194167	 44.337500
-117.195000	 44.355278
-117.215833	 44.393611
-117.215556	 44.412778
-117.201944	 44.446389
-117.202500	 44.458056
-117.213889	 44.476667
-117.212222	 44.482500
-117.194167	 44.497222
-117.185556	 44.512500
-117.156944	 44.526111
-117.133611	 44.543889
-117.115278	 44.603333
-117.027778	 44.746389
-117.013056	 44.756389
-116.968611	 44.772222
-116.941667	 44.787222
-116.895833	 44.831111
-116.881111	 44.863889
-116.837778	 44.924444
-116.836111	 44.962222
-116.827500	 44.985556
-116.840556	 44.990556
-116.844167	 45.001111
-116.837222	 45.025556
-116.795556	 45.065556
-116.772778	 45.100000
-116.738056	 45.137500
-116.716389	 45.170000
-116.711389	 45.170278
-116.703611	 45.186944
-116.691667	 45.244722
-116.664444	 45.290556
-116.660833	 45.327500
-116.650278	 45.356389
-116.624722	 45.381111
-116.601111	 45.413333
-116.590556	 45.419444
-116.576667	 45.445278
-116.551111	 45.469167
-116.545833	 45.479167
-116.545278	 45.492222
-116.532778	 45.512778
-116.471944	 45.567500
-116.461389	 45.581389
-116.453333	 45.606944
-116.458056	 45.630000
-116.488611	 45.675278
-116.511667	 45.724167
-116.546111	 45.762222
-116.575833	 45.775833
-116.621667	 45.780833
-116.639167	 45.789444
-116.677778	 45.817222
-116.701111	 45.828889
-116.718333	 45.831389
-116.742500	 45.828056
-116.757778	 45.831111
-116.779444	 45.861944
-116.826389	 45.898056
-116.837500	 45.910278
-116.857500	 45.956944
-116.875833	 45.990556
-116.894167	 46.011667
-116.906111	 46.041944
-116.937500	 46.067778
-116.959722	 46.080833
-116.971111	 46.092500
-116.973333	 46.097500
-116.970000	 46.102222
-116.951111	 46.110833
-116.926389	 46.142500
-116.915000	 46.163889
-116.914444	 46.175556
-116.922778	 46.188889
-116.942778	 46.202500
-116.946389	 46.213333
-116.944167	 46.239167
-116.947222	 46.263611
-116.972222	 46.287222
-116.978056	 46.302500
-116.994167	 46.325000
-117.013611	 46.344722
-117.039444	 46.361944
-117.045278	 46.370833
-117.045556	 46.376944
-117.027778	 46.407500
-117.023889	 46.432778
-117.039444	 46.598611
-117.039722	 49.000000
nan nan
-120.000833	 41.999444
-120.001111	 39.007222
-119.339167	 38.549722
-118.556667	 37.995556
-118.046944	 37.627500
-117.267778	 37.053056
-116.492500	 36.467500
-115.862222	 35.980833
-115.255556	 35.502778
-114.625278	 34.995556
nan nan
-120.000833	 41.999444
-120.001389	 39.006944
-119.515556	 38.672778
-118.722222	 38.113889
-118.046944	 37.627500
-117.283889	 37.065000
-116.492500	 36.467500
-115.862222	 35.980833
-115.255556	 35.502778
-114.625833	 34.996111
nan nan
-124.217500	 41.999722
-111.050278	 41.999722
nan nan
-124.217500	 41.999722
-111.050278	 41.999722
nan nan
-114.041667	 41.999722
-114.041944	 36.199722
-114.059167	 36.189722
-114.080833	 36.156667
-114.102500	 36.131944
-114.110278	 36.108611
-114.114167	 36.075556
-114.120833	 36.058333
-114.138889	 36.039444
-114.186111	 36.023889
-114.214444	 36.021667
-114.237222	 36.025833
-114.268333	 36.042222
-114.295556	 36.062500
-114.314444	 36.112222
-114.339722	 36.126667
-114.352778	 36.143056
-114.363333	 36.148056
-114.392222	 36.145278
-114.428056	 36.127778
-114.451389	 36.127778
-114.464444	 36.131667
-114.505278	 36.154444
-114.542778	 36.161389
-114.557778	 36.161111
-114.605833	 36.147500
-114.626944	 36.145278
-114.684167	 36.123056
-114.707500	 36.109167
-114.721667	 36.092778
-114.727500	 36.070000
-114.716111	 36.039444
-114.740833	 36.003333
-114.740556	 35.986111
-114.727500	 35.956389
-114.703611	 35.928333
-114.695556	 35.908889
-114.688889	 35.901667
-114.666944	 35.890000
-114.660278	 35.881944
-114.663611	 35.870556
-114.687500	 35.840556
-114.691667	 35.815000
-114.686944	 35.769444
-114.690278	 35.725000
-114.668611	 35.695833
-114.666667	 35.690833
-114.671111	 35.671389
-114.647778	 35.636389
-114.643611	 35.623056
-114.652778	 35.601389
-114.656111	 35.582500
-114.648333	 35.550278
-114.653056	 35.539722
-114.664444	 35.527778
-114.668333	 35.510278
-114.662500	 35.489167
-114.641944	 35.460000
-114.615556	 35.408333
-114.587500	 35.340278
nan nan
-114.041667	 41.999722
-114.041944	 36.199722
-114.058889	 36.189722
-114.080833	 36.156667
-114.102500	 36.131944
-114.110278	 36.108611
-114.115833	 36.069444
-114.123889	 36.054444
-114.138889	 36.039444
-114.149167	 36.034167
-114.185833	 36.023889
-114.214444	 36.021667
-114.237222	 36.025833
-114.268333	 36.042222
-114.295556	 36.062500
-114.314167	 36.112222
-114.339722	 36.126667
-114.352778	 36.143056
-114.363333	 36.148056
-114.392222	 36.145278
-114.428056	 36.127778
-114.451389	 36.127778
-114.464444	 36.131667
-114.505278	 36.154444
-114.542778	 36.161389
-114.557500	 36.161111
-114.605833	 36.147500
-114.626667	 36.145278
-114.678611	 36.125278
-114.707500	 36.109167
-114.721667	 36.092778
-114.726389	 36.082778
-114.727222	 36.070000
-114.716111	 36.039444
-114.740833	 36.003333
-114.740556	 35.986111
-114.727222	 35.956389
-114.703611	 35.928333
-114.695278	 35.908889
-114.688611	 35.901667
-114.666944	 35.890000
-114.660278	 35.881944
-114.663611	 35.870556
-114.687500	 35.840556
-114.691667	 35.815000
-114.686944	 35.769444
-114.690278	 35.725000
-114.668611	 35.695833
-114.666667	 35.690833
-114.671111	 35.671389
-114.647778	 35.636389
-114.643611	 35.623056
-114.650833	 35.607222
-114.655833	 35.582500
-114.648333	 35.550278
-114.653056	 35.539722
-114.664167	 35.527778
-114.668333	 35.510278
-114.662500	 35.489167
-114.641944	 35.460000
-114.615556	 35.408333
-114.587500	 35.340278
nan nan
-114.487222	 34.741389
-114.477500	 34.722500
-114.456111	 34.698611
-114.441111	 34.659722
-114.418889	 34.631667
-114.416944	 34.589444
-114.379167	 34.553333
-114.368889	 34.523611
-114.378889	 34.488056
-114.373611	 34.473056
-114.365000	 34.466111
-114.336111	 34.464167
-114.320000	 34.449722
-114.293611	 34.435556
-114.279722	 34.420556
-114.265833	 34.411111
-114.200556	 34.372778
-114.167222	 34.357500
-114.123056	 34.308056
-114.114722	 34.282500
-114.122778	 34.275000
-114.145556	 34.267500
-114.154722	 34.260833
-114.165000	 34.248056
-114.195833	 34.225556
-114.216111	 34.200833
-114.229167	 34.191667
-114.257500	 34.181944
-114.319444	 34.143889
-114.343056	 34.136944
-114.353889	 34.125556
-114.376944	 34.118889
-114.390278	 34.109722
-114.408333	 34.089444
-114.417778	 34.036944
-114.422778	 34.026389
-114.437500	 34.018056
-114.461944	 33.996389
-114.516944	 33.960278
-114.522778	 33.950278
-114.523611	 33.944167
-114.516944	 33.929444
-114.488611	 33.892500
-114.490833	 33.880833
-114.510000	 33.868889
-114.508889	 33.846944
-114.516111	 33.825000
-114.494167	 33.783056
-114.493333	 33.765278
-114.500556	 33.741944
-114.487778	 33.731667
-114.483889	 33.721944
-114.488889	 33.711389
-114.516389	 33.692500
-114.522778	 33.684167
-114.518889	 33.631111
-114.537500	 33.596944
-114.535556	 33.585833
-114.525833	 33.573889
-114.526389	 33.561667
-114.578889	 33.515556
-114.591111	 33.489167
-114.613333	 33.458333
-114.619444	 33.441667
-114.636667	 33.420000
-114.654722	 33.416111
-114.692222	 33.420278
-114.716944	 33.414167
-114.726111	 33.408056
-114.728333	 33.403611
-114.703611	 33.376667
-114.699167	 33.360556
-114.703889	 33.350556
-114.716111	 33.339444
-114.728889	 33.313611
-114.728889	 33.307500
-114.725833	 33.296944
-114.718611	 33.289444
-114.677500	 33.266389
-114.675833	 33.261667
-114.683611	 33.246389
-114.684167	 33.234722
-114.667778	 33.215556
-114.675000	 33.155000
-114.692500	 33.127222
-114.698889	 33.109722
-114.696389	 33.086944
-114.683333	 33.076944
-114.678889	 33.061389
-114.660833	 33.041944
-114.647778	 33.041389
-114.636944	 33.046389
-114.631667	 33.044722
-114.620833	 33.033333
-114.599167	 33.029444
-114.561111	 33.035556
-114.537222	 33.033889
-114.517500	 33.028611
-114.508889	 33.022500
-114.493611	 32.994167
-114.464444	 32.971667
-114.474167	 32.937500
-114.456944	 32.867222
-114.462778	 32.849167
-114.469722	 32.840833
-114.512500	 32.816667
-114.527222	 32.800833
-114.528889	 32.788611
-114.523056	 32.761389
-114.525000	 32.748333
-114.537222	 32.729722
-114.554167	 32.725000
-114.576389	 32.725000
-114.592500	 32.726389
-114.652222	 32.742222
-114.690278	 32.742778
-114.701111	 32.739167
-114.719444	 32.718056
nan nan
-114.487222	 34.741389
-114.477222	 34.722500
-114.456111	 34.698611
-114.441111	 34.659722
-114.418889	 34.631667
-114.416111	 34.620278
-114.416944	 34.589444
-114.379167	 34.553333
-114.368889	 34.523611
-114.378889	 34.488056
-114.373333	 34.473056
-114.365000	 34.466111
-114.335833	 34.464167
-114.320000	 34.449722
-114.293611	 34.435556
-114.265833	 34.411111
-114.200556	 34.372778
-114.167222	 34.357500
-114.123056	 34.308056
-114.114722	 34.282500
-114.122778	 34.275000
-114.145556	 34.267500
-114.154722	 34.260833
-114.165000	 34.248056
-114.195833	 34.225556
-114.216111	 34.200833
-114.229167	 34.191667
-114.257222	 34.181944
-114.314167	 34.146667
-114.329444	 34.139167
-114.343056	 34.136944
-114.353889	 34.125556
-114.376667	 34.118889
-114.390278	 34.109722
-114.408333	 34.089444
-114.417778	 34.036944
-114.422778	 34.026389
-114.437222	 34.018056
-114.461944	 33.996389
-114.516944	 33.960278
-114.522500	 33.950278
-114.523333	 33.944167
-114.516944	 33.929444
-114.488611	 33.892500
-114.490833	 33.880833
-114.510000	 33.868889
-114.508889	 33.846944
-114.516111	 33.825000
-114.494167	 33.783056
-114.493333	 33.765278
-114.500556	 33.741944
-114.487778	 33.731667
-114.483889	 33.721944
-114.488889	 33.711389
-114.516389	 33.692500
-114.522500	 33.684167
-114.518611	 33.631111
-114.537500	 33.596944
-114.535556	 33.585833
-114.525556	 33.573889
-114.526389	 33.561667
-114.528611	 33.556944
-114.551667	 33.541389
-114.578889	 33.515556
-114.590833	 33.489167
-114.613333	 33.458333
-114.619444	 33.441667
-114.636667	 33.420000
-114.654444	 33.416111
-114.692222	 33.420278
-114.716944	 33.414167
-114.726111	 33.408056
-114.728333	 33.403611
-114.703611	 33.376667
-114.699167	 33.360556
-114.703889	 33.350556
-114.716111	 33.339444
-114.728611	 33.313611
-114.728611	 33.307500
-114.725833	 33.296944
-114.718611	 33.289444
-114.677500	 33.266389
-114.675833	 33.261667
-114.683611	 33.246389
-114.684167	 33.234722
-114.667778	 33.215556
-114.675000	 33.155000
-114.692500	 33.127222
-114.698889	 33.109722
-114.696111	 33.086944
-114.683333	 33.076944
-114.678889	 33.061389
-114.660833	 33.041944
-114.647778	 33.041389
-114.636944	 33.046389
-114.631667	 33.044722
-114.620556	 33.033333
-114.598889	 33.029444
-114.560833	 33.035556
-114.537222	 33.033889
-114.517222	 33.028611
-114.508889	 33.022500
-114.493611	 32.994167
-114.464444	 32.971667
-114.474167	 32.937500
-114.457222	 32.872778
-114.458056	 32.860278
-114.469722	 32.840833
-114.512500	 32.816667
-114.526944	 32.800833
-114.528611	 32.788611
-114.523056	 32.761389
-114.524722	 32.748333
-114.532500	 32.733333
-114.541667	 32.727222
-114.554167	 32.725000
-114.592500	 32.726389
-114.652222	 32.742222
-114.690000	 32.742778
-114.701111	 32.739167
-114.719444	 32.718056
nan nan
-110.000556	 48.999444
-110.000556	 59.999444
nan nan
-110.000556	 48.999444
-110.000556	 59.999444
nan nan
-114.583889	 35.341111
-114.589167	 35.322500
-114.588056	 35.304444
-114.568611	 35.223333
-114.574722	 35.154722
-114.579444	 35.144167
-114.585000	 35.141944
-114.615278	 35.142500
-114.626944	 35.138889
-114.634722	 35.131389
-114.634444	 35.114722
-114.614722	 35.096667
-114.607500	 35.082222
-114.631667	 35.053611
-114.634167	 35.040833
-114.623056	 35.004167
-114.623889	 34.973333
-114.616389	 34.946667
-114.623889	 34.924167
-114.619167	 34.908611
-114.622222	 34.885000
-114.600833	 34.861667
-114.570278	 34.843889
-114.557222	 34.822222
-114.558056	 34.810556
nan nan
-114.584167	 35.341111
-114.589444	 35.322500
-114.588333	 35.304444
-114.568611	 35.223333
-114.574722	 35.154722
-114.579444	 35.144167
-114.585000	 35.141944
-114.615278	 35.142500
-114.626944	 35.138889
-114.634722	 35.131389
-114.634444	 35.114722
-114.614722	 35.096667
-114.607500	 35.082222
-114.616944	 35.068056
-114.628889	 35.058056
-114.634167	 35.040833
-114.623056	 35.004167
-114.624167	 34.973333
-114.616389	 34.946667
-114.624167	 34.924167
-114.619444	 34.908611
-114.622222	 34.885000
-114.600833	 34.861667
-114.570278	 34.843889
-114.566667	 34.834722
-114.559167	 34.827222
-114.556389	 34.816667
-114.558333	 34.810556
nan nan
-114.204722	 28.000278
-113.869722	 28.002500
-112.724167	 27.999444
nan nan
-114.810278	 32.508056
-114.822778	 32.491389
-114.836944	 32.482778
-114.865000	 32.480278
-114.887222	 32.488889
-114.901667	 32.490556
-114.913889	 32.487500
-114.936667	 32.473056
-114.950000	 32.435278
-114.970000	 32.411389
-114.971389	 32.405278
-114.961111	 32.386944
-114.964167	 32.368611
-114.982222	 32.335833
-115.030556	 32.281389
-115.041667	 32.253889
nan nan
-115.016944	 31.965000
-115.013611	 32.030833
-115.000278	 32.095556
-114.998889	 32.136111
-115.011667	 32.192222
-115.030556	 32.236667
-115.041667	 32.251667
nan nan
-114.559167	 34.808056
-114.504444	 34.769444
-114.493333	 34.758333
-114.486944	 34.736389
nan nan
-114.559167	 34.808056
-114.500833	 34.765833
-114.493333	 34.758333
-114.486944	 34.736389
nan nan
-114.058333	 48.998056
-114.058889	 48.997222
